Time	T° mScarletI:565,595[2]	A1	A2	A3	A4	A5	A6	A7	A8	A9	A10	A11	A12	B1	B2	B3	B4	B5	B6	B7	B8	B9	B10	B11	B12	C1	C2	C3	C4	C5	C6	C7	C8	C9	C10	C11	C12	D1	D2	D3	D4	D5	D6	D7	D8	D9	D10	D11	D12	E1	E2	E3	E4	E5	E6	E7	E8	E9	E10	E11	E12	F1	F2	F3	F4	F5	F6	F7	F8	F9	F10	F11	F12	G1	G2	G3	G4	G5	G6	G7	G8	G9	G10	G11	G12	H1	H2	H3	H4	H5	H6	H7	H8	H9	H10	H11	H12
0:01:59	37.0	0	12	0	9	10	10	15	21	3	6	5	12	28	1	36	16	19	17	10	2	15	14	12	8	13	11	3	18	10	14	14	23	14	10	11	15	3	9	8	5	0	16	23	7	14	0	11	11	3	5	16	0	7	20	13	10	12	4	0	0	21	0	19	22	17	13	0	18	30	5	26	24	25	25	13	3	22	12	23	16	25	13	5	12	28	12	13	14	0	10	8	13	4	4	9	9
0:11:59	37.0	27	21	0	10	9	11	24	21	27	6	22	11	17	22	41	5	17	26	15	13	19	11	9	10	2	29	9	0	16	7	1	20	23	18	18	2	21	15	14	0	18	12	19	8	0	5	18	4	27	27	22	13	15	0	7	5	0	0	2	20	23	13	15	12	2	8	3	13	0	0	29	22	17	12	28	19	22	16	17	21	13	17	7	12	17	18	11	34	19	16	3	12	16	13	3	12
0:21:59	37.0	38	25	12	9	7	9	13	9	14	18	0	13	28	16	43	9	18	20	0	4	27	3	11	14	22	24	2	18	10	7	0	21	5	13	12	0	1	11	6	2	4	25	25	13	18	20	0	16	16	14	3	15	20	25	8	22	19	4	6	9	13	19	0	22	14	14	5	9	18	5	0	12	21	17	15	14	25	11	19	8	2	12	23	20	19	18	0	15	0	22	1	9	24	0	35	15
0:31:59	37.0	19	28	11	5	21	1	19	12	5	11	20	17	17	15	44	17	21	17	11	0	14	17	0	10	14	14	15	13	15	1	9	4	13	11	0	33	12	20	18	25	21	13	13	13	13	33	16	0	23	21	4	6	19	0	13	6	12	11	5	11	10	15	16	12	16	20	7	18	16	6	0	0	24	11	18	7	19	6	23	16	11	3	10	23	7	14	0	8	9	20	10	9	8	11	14	25
0:41:59	37.0	13	4	14	0	0	27	0	26	9	17	19	14	0	25	27	2	7	14	12	13	14	15	12	16	16	10	0	16	23	0	12	15	11	19	5	6	13	20	12	12	10	18	0	16	15	12	10	0	23	17	3	7	30	7	10	0	15	11	14	7	9	7	4	18	22	15	5	11	0	18	29	18	24	22	8	18	24	3	18	11	18	16	11	6	22	25	14	18	9	8	14	0	9	7	18	6
0:51:59	37.0	24	8	6	19	18	8	22	12	17	19	14	22	25	5	24	15	12	19	21	8	8	11	15	14	16	25	12	7	22	15	18	17	11	15	33	6	26	24	4	18	2	0	14	16	23	10	10	20	9	21	21	8	18	22	20	11	10	13	11	17	14	13	22	17	11	12	11	0	20	17	8	7	24	16	6	4	13	11	24	11	19	20	6	23	10	0	16	8	6	9	15	17	9	11	17	1
1:01:59	37.0	14	16	10	16	20	24	14	5	17	0	7	10	17	21	23	9	8	12	24	4	0	14	6	0	18	16	17	18	15	1	37	23	20	9	0	9	10	27	17	17	24	25	6	16	8	13	7	25	15	20	12	10	18	2	10	22	19	13	32	15	30	1	0	22	0	13	5	20	24	10	0	9	8	22	17	15	13	10	17	9	23	5	11	6	12	1	19	0	0	20	14	11	11	0	13	11
1:11:59	37.0	6	21	0	10	11	14	32	32	1	6	20	6	15	26	45	12	9	5	22	20	12	14	22	12	28	13	25	8	8	17	12	18	13	20	12	16	24	29	27	8	18	15	0	8	21	17	16	3	10	9	6	10	13	12	16	22	23	12	17	29	9	25	13	7	25	23	15	24	5	10	2	0	20	17	3	2	26	6	21	13	15	7	18	13	13	3	15	20	9	5	0	8	17	26	21	11
1:21:59	37.0	28	23	4	6	2	4	2	2	0	14	14	21	18	13	34	7	14	28	21	6	3	8	20	14	21	18	2	12	26	19	9	9	26	18	5	12	21	14	22	0	0	2	0	9	18	13	12	9	25	15	21	0	10	0	12	12	6	25	0	2	27	26	15	9	17	18	23	28	32	21	11	3	12	19	26	16	9	4	15	21	8	18	16	16	12	28	11	20	11	3	12	10	8	15	0	28
1:31:59	37.0	8	12	8	14	17	10	22	12	12	2	9	20	9	24	35	0	24	24	12	23	5	20	0	17	5	14	23	15	7	7	4	9	5	7	12	20	16	20	0	13	9	26	4	5	10	15	13	9	16	0	12	0	9	12	26	17	9	20	5	2	15	23	17	16	12	0	19	8	0	17	31	19	35	1	8	18	14	18	20	16	19	0	10	27	8	31	0	5	0	21	23	20	1	11	17	17
1:41:59	37.0	21	11	8	17	3	20	22	16	6	3	0	15	13	19	31	11	22	16	7	21	10	0	8	12	13	25	9	5	6	23	11	13	12	15	17	23	17	27	11	1	0	28	10	8	6	19	16	21	7	7	23	6	19	0	17	4	7	24	17	23	15	18	1	16	10	0	9	13	5	2	2	4	15	15	12	0	21	5	10	8	6	19	26	5	17	26	1	16	16	19	13	1	20	6	9	10
1:51:59	36.9	22	11	6	0	6	4	13	0	6	13	22	12	19	19	40	1	19	12	8	6	16	16	16	21	21	33	10	9	8	30	16	16	17	17	22	0	18	9	5	4	0	10	7	17	6	1	9	25	30	4	15	22	19	15	9	3	24	13	11	13	20	12	12	6	10	7	10	25	13	0	7	12	17	8	26	17	20	11	0	15	11	4	11	15	5	24	27	7	6	25	4	27	8	0	18	0
2:01:59	37.0	16	27	19	17	20	19	1	11	18	11	10	10	0	17	36	10	6	9	23	22	18	17	17	7	15	30	16	23	15	0	7	10	24	0	2	10	22	21	17	21	0	16	15	8	2	14	0	17	11	15	24	6	11	10	1	12	5	19	12	11	13	19	2	19	9	11	11	16	4	11	9	6	23	16	0	8	13	16	13	3	14	23	17	15	12	13	22	9	23	15	12	11	9	19	5	16
2:11:59	37.0	15	3	12	18	17	17	31	11	23	23	15	11	15	25	42	1	2	4	25	0	15	5	26	28	20	21	2	11	11	17	2	9	8	19	16	15	21	19	6	18	20	6	7	15	24	4	0	9	7	9	13	0	13	15	23	14	20	15	5	13	18	0	18	11	3	9	8	7	26	14	11	13	19	8	2	11	12	14	0	25	10	14	0	21	2	16	11	23	19	0	15	5	17	10	26	11
2:21:59	37.0	27	21	10	0	0	5	11	3	10	15	18	13	8	25	41	5	24	7	3	24	16	14	4	12	19	4	10	15	10	8	16	10	18	3	2	33	11	23	18	1	4	9	7	19	2	14	20	0	10	11	3	22	2	29	1	21	16	0	15	6	25	13	16	20	16	17	23	0	6	9	2	12	43	39	6	3	4	20	10	21	12	20	5	4	19	6	0	12	13	2	16	11	26	20	11	23
2:31:59	37.0	23	8	17	32	2	14	4	0	0	5	8	15	16	12	27	21	10	7	23	0	16	13	15	3	21	5	18	5	15	2	3	19	12	23	3	17	19	13	5	20	4	12	4	29	6	7	12	3	14	24	4	25	5	7	20	0	11	19	9	32	19	19	10	12	24	22	13	15	16	20	25	6	21	15	23	23	0	0	11	17	17	3	11	18	9	0	0	29	15	5	21	18	19	5	0	24
2:41:59	37.0	19	12	10	21	8	10	20	9	6	13	6	9	20	8	31	22	12	2	14	1	0	10	9	7	27	31	2	16	7	17	8	2	2	13	4	6	11	23	16	22	11	8	0	0	8	12	4	5	1	9	7	24	15	14	13	23	5	5	24	16	26	13	9	18	6	18	10	6	11	24	22	3	23	14	14	15	11	0	20	6	37	12	8	0	12	10	9	8	24	0	2	5	18	17	11	14
2:51:59	37.0	28	16	8	21	14	3	0	22	20	23	17	19	6	25	42	17	18	12	15	18	14	19	14	7	18	20	7	19	11	29	7	3	8	9	20	17	21	22	8	0	8	23	0	10	8	3	4	14	14	17	0	19	13	8	9	8	20	6	10	3	15	26	7	2	3	9	1	16	9	17	1	31	16	14	4	5	10	17	9	19	30	8	4	0	13	26	8	5	0	16	6	21	0	7	4	13
3:01:59	37.0	27	27	4	6	14	0	14	14	0	5	7	5	27	18	40	3	8	15	19	15	1	6	18	6	27	20	17	12	11	21	10	18	0	29	7	4	11	16	14	6	13	9	0	15	5	17	16	11	16	26	12	20	21	13	9	6	3	18	17	3	28	20	17	21	7	15	4	0	9	27	13	16	11	24	13	15	21	0	11	17	11	6	25	5	17	17	9	11	10	13	22	25	18	18	7	15
3:11:59	37.0	15	12	0	7	11	7	21	12	17	17	11	9	13	13	24	9	14	13	11	9	16	11	20	11	20	27	4	8	12	0	24	7	7	10	3	2	14	26	4	1	14	2	21	17	9	22	11	12	21	23	18	17	21	4	12	14	28	1	15	12	26	23	10	22	12	13	3	9	21	6	8	9	12	29	16	10	7	13	13	22	9	13	10	0	18	2	13	7	10	25	16	8	10	0	0	8
3:21:59	37.0	29	19	14	4	8	13	3	24	16	5	10	6	18	33	31	18	12	12	16	25	24	21	13	15	13	18	33	0	5	12	6	17	7	5	0	11	27	26	6	0	11	9	6	5	9	0	0	20	15	23	5	14	7	16	0	12	16	15	11	17	15	23	17	23	19	8	19	8	26	13	15	6	26	14	15	5	0	7	19	2	10	26	3	7	15	24	0	0	0	0	0	15	0	12	9	11
3:31:59	37.0	30	28	6	0	22	24	22	17	17	11	9	4	11	37	31	6	15	12	18	0	25	20	20	14	20	29	9	1	10	12	20	12	9	9	4	11	23	32	13	12	0	4	24	16	18	16	22	5	21	19	9	18	24	26	4	15	12	25	2	21	51	31	0	6	7	15	20	15	26	25	3	6	28	18	8	4	15	4	5	23	15	3	15	0	30	12	14	20	0	11	0	18	7	11	6	21
3:41:59	37.0	28	35	17	9	13	12	21	6	10	13	26	2	47	38	20	21	3	23	17	12	20	3	16	13	34	42	0	17	8	0	2	5	0	7	22	6	16	42	21	10	7	0	10	9	0	10	28	11	32	30	1	24	12	5	10	8	7	17	20	18	36	47	0	10	11	18	17	4	13	10	25	20	19	43	5	15	18	12	12	1	0	23	0	27	16	38	17	19	3	15	23	15	8	19	0	5
3:51:59	37.0	33	50	17	9	12	17	0	30	15	11	24	16	19	38	40	2	9	16	27	0	13	30	9	4	27	40	12	14	1	22	7	19	9	5	15	7	23	33	11	8	6	21	14	11	21	10	3	21	47	35	29	4	1	0	12	6	11	0	13	5	44	32	5	15	26	22	6	18	15	0	9	19	40	29	2	23	4	0	0	11	19	19	12	4	15	36	26	6	0	23	14	16	15	12	10	3
4:01:59	37.0	50	31	6	3	17	0	3	3	11	14	20	12	30	44	21	13	16	5	19	14	0	19	14	10	40	38	28	14	23	9	15	13	7	16	0	7	32	45	1	9	24	18	15	27	17	28	13	18	32	7	3	20	17	12	2	7	13	12	10	12	52	35	0	10	8	10	5	12	25	22	5	1	18	42	21	12	21	11	12	23	0	19	5	11	17	37	0	21	0	8	25	7	18	12	8	20
4:11:59	37.0	46	46	6	10	9	11	13	15	22	15	27	12	53	60	31	23	14	18	14	3	13	27	11	16	42	54	14	7	3	10	13	8	6	20	16	29	44	41	20	18	4	7	8	19	6	12	18	34	50	51	16	12	24	21	7	17	15	13	16	0	47	56	6	13	2	0	3	26	19	20	1	6	68	54	17	11	6	10	16	25	8	16	26	16	39	48	12	20	0	17	16	20	4	5	25	10
4:21:59	37.0	55	48	20	0	1	0	17	3	18	7	24	17	54	64	39	16	0	12	7	15	10	12	19	10	35	38	21	0	15	3	10	12	10	0	16	22	35	59	16	12	14	29	9	5	9	10	21	17	49	56	3	0	19	23	13	3	0	7	0	0	38	49	18	19	5	8	11	9	8	10	19	1	50	44	19	7	8	17	33	1	18	33	14	21	46	56	22	16	10	4	6	3	13	6	20	22
4:31:59	37.0	51	60	0	2	13	4	11	6	12	21	15	12	63	54	35	12	15	24	31	6	14	22	14	10	57	26	1	8	18	10	15	25	27	12	14	20	46	49	5	14	17	9	12	23	15	25	14	18	54	41	16	7	9	11	7	18	20	22	23	15	49	47	20	7	9	28	10	12	0	21	0	9	46	53	3	11	18	1	6	24	6	22	16	11	51	44	12	27	8	19	11	16	9	17	21	5
4:41:59	37.0	69	73	8	10	11	5	21	19	25	10	24	7	77	75	30	12	26	13	36	15	10	20	9	15	60	52	3	14	17	18	24	13	16	12	16	12	47	50	15	6	14	9	8	17	17	1	23	29	55	51	17	0	18	14	9	21	16	28	20	7	41	62	20	14	12	13	33	3	18	0	7	7	55	57	22	16	6	10	25	12	11	3	6	13	32	56	22	35	20	4	18	11	8	6	19	27
4:51:59	37.0	55	72	9	6	11	13	17	16	16	10	14	12	67	69	35	4	35	18	12	21	11	6	7	24	44	78	0	6	11	16	20	26	5	12	19	9	52	63	23	0	14	19	0	27	9	13	0	11	33	62	11	16	17	21	0	16	0	18	19	19	56	61	9	10	23	26	18	10	22	2	8	9	56	61	16	16	4	6	12	21	1	26	0	13	45	51	0	13	7	19	23	21	7	6	19	11
5:01:59	37.0	104	85	9	14	13	16	26	6	12	13	21	19	89	89	30	11	12	13	24	9	15	19	16	18	58	80	23	23	15	0	21	16	9	18	12	21	64	71	0	12	2	21	27	33	27	7	15	33	61	44	11	10	26	9	13	10	10	10	16	0	58	47	25	6	15	6	3	29	20	19	13	20	69	62	28	11	19	11	5	35	5	12	10	20	47	56	20	28	14	14	10	0	7	20	14	9
5:11:59	37.0	85	77	13	16	9	16	15	30	18	9	15	29	97	102	40	11	12	9	15	29	24	13	17	30	62	89	22	10	15	21	11	36	16	17	6	21	83	76	3	22	26	4	11	31	19	9	16	9	62	65	10	0	12	17	6	28	5	11	33	8	79	70	25	12	29	15	22	11	10	19	17	7	71	56	31	29	17	16	5	9	15	0	3	3	44	59	19	19	20	7	22	10	22	3	7	5
5:21:59	37.0	85	88	8	18	19	13	20	29	15	10	23	26	69	96	29	27	9	33	17	20	39	11	19	23	100	100	28	27	18	19	24	16	8	25	14	26	73	91	16	15	12	17	15	24	19	19	12	15	62	66	13	2	10	15	9	15	15	26	8	18	84	67	17	19	7	10	15	16	9	29	22	6	68	70	17	19	15	28	17	7	16	0	10	19	61	69	27	12	19	15	21	14	19	12	20	18
5:31:59	37.0	91	114	34	12	14	24	17	14	33	28	8	6	93	98	46	11	10	32	18	30	11	18	25	26	101	92	18	5	16	24	12	27	35	23	30	0	85	120	20	6	17	27	33	12	24	22	17	11	63	75	26	1	0	17	24	16	10	20	1	9	80	92	11	3	6	3	4	24	9	16	11	31	64	78	18	24	8	21	14	11	29	14	11	16	57	51	17	25	8	0	6	2	11	20	8	18
5:41:59	37.0	96	101	14	23	16	12	10	22	19	25	20	12	97	103	46	21	24	17	27	18	13	20	5	24	114	103	23	6	14	18	20	6	12	3	24	19	82	73	3	13	18	28	30	20	8	0	22	20	87	51	16	19	14	11	14	8	20	12	5	19	89	89	20	0	17	22	16	18	10	17	23	14	68	94	0	26	24	8	11	22	23	11	20	6	55	73	1	10	20	9	21	24	20	12	22	6
5:51:59	37.0	109	115	28	20	12	15	7	18	4	26	33	16	102	130	40	13	8	22	27	21	12	41	23	36	111	135	27	19	5	28	15	18	25	20	15	14	97	104	27	18	27	18	8	13	16	20	3	24	79	87	28	14	9	27	20	16	11	23	10	17	84	97	13	6	23	7	13	16	9	9	12	14	74	68	6	16	15	7	19	12	19	23	22	31	82	77	19	13	20	23	28	13	26	21	20	6
6:01:59	37.0	99	122	19	7	17	21	27	28	24	22	25	19	120	128	30	27	18	20	13	24	25	10	23	28	131	121	13	21	33	16	26	30	20	6	15	17	130	147	13	10	19	5	19	13	18	21	17	18	95	105	10	15	29	23	20	16	24	20	23	8	93	79	19	18	15	22	18	22	21	18	5	15	71	81	26	19	23	22	12	23	9	2	25	9	83	91	18	4	13	19	2	10	27	11	3	23
6:11:59	37.0	145	120	15	12	18	18	24	15	23	25	19	6	135	151	47	23	25	15	19	10	12	8	18	33	130	141	11	28	10	26	11	14	17	26	13	19	111	145	17	24	32	18	23	31	10	19	37	20	103	71	30	9	15	19	21	4	13	6	20	18	95	83	9	14	12	20	9	8	29	22	13	10	98	74	19	4	23	18	10	6	3	18	15	18	92	97	24	25	34	8	8	26	14	13	10	30
6:21:59	37.0	146	133	13	1	9	0	32	31	18	30	13	16	130	130	34	18	17	20	27	24	29	41	20	22	143	139	32	8	20	30	21	19	13	23	24	26	122	145	21	22	20	27	15	32	22	21	19	24	90	106	37	0	30	22	17	17	12	31	16	18	114	88	19	7	23	5	13	22	38	23	14	14	94	92	26	6	11	24	18	19	11	11	31	19	113	86	22	14	14	28	18	20	17	27	32	6
6:31:59	37.0	132	138	22	17	16	9	14	26	28	25	13	21	150	135	37	18	8	3	32	22	28	21	36	15	151	174	4	18	25	21	19	28	12	42	26	37	141	158	25	24	33	16	20	12	22	21	17	14	118	121	24	21	9	5	14	20	14	23	16	19	123	93	31	6	30	37	21	33	15	24	18	24	109	101	5	3	25	12	29	30	16	15	17	17	125	119	19	19	16	33	32	14	16	7	24	18
6:41:59	37.0	153	134	20	35	30	28	9	14	20	22	26	37	131	171	15	28	21	20	31	19	34	26	18	22	152	168	7	18	18	40	16	31	28	34	34	24	172	171	12	24	6	13	28	14	20	23	40	11	92	126	10	12	23	21	20	7	23	22	17	17	116	132	30	28	2	32	24	22	30	22	5	7	126	114	24	23	11	29	14	8	22	27	20	14	105	122	15	18	24	21	25	28	22	21	22	27
6:51:59	37.0	167	163	26	18	27	32	24	27	26	13	35	34	126	172	55	22	19	20	19	20	30	29	32	30	163	167	35	19	28	10	37	26	31	25	37	23	140	189	16	14	20	16	18	31	34	9	8	28	95	108	18	24	20	33	22	1	33	28	21	24	132	130	34	26	7	10	12	20	17	17	24	16	141	136	36	22	26	17	4	24	20	14	35	17	120	130	6	28	36	16	27	14	13	19	24	28
7:01:59	37.0	157	172	18	22	11	27	21	16	42	40	51	21	168	165	36	26	21	20	27	25	30	16	21	33	172	204	18	25	34	20	42	29	15	33	42	34	167	181	9	26	28	30	17	30	27	24	30	30	129	130	21	23	34	9	29	25	26	26	21	13	156	136	17	29	31	10	20	33	20	42	11	10	137	129	20	15	36	21	24	25	29	19	29	24	130	167	27	33	30	33	19	26	29	22	12	20
7:11:59	37.0	165	184	9	29	29	33	43	19	37	39	22	45	160	186	33	31	13	27	40	24	38	16	31	17	187	191	14	27	34	37	27	44	27	24	27	37	198	191	30	43	27	29	31	27	32	29	16	25	132	157	22	7	30	28	27	13	22	23	28	11	159	163	26	14	12	42	4	21	29	38	17	18	142	153	21	32	29	20	20	20	28	22	23	31	169	156	31	31	46	32	23	30	12	27	30	35
7:21:59	37.0	181	182	39	36	26	26	30	28	30	40	40	18	192	189	43	29	18	41	38	41	31	19	19	48	217	212	18	20	18	33	36	39	33	15	19	24	230	216	23	32	34	24	40	43	28	33	32	29	135	149	24	19	21	35	16	25	18	21	31	27	173	150	20	28	15	36	19	20	8	12	11	24	140	174	18	16	27	36	23	43	23	10	35	27	163	162	28	30	20	18	37	11	21	31	32	8
7:31:59	37.0	198	183	20	30	24	31	32	33	40	37	38	25	179	203	47	11	26	38	18	32	38	46	23	43	230	228	28	41	23	28	43	32	37	40	28	32	220	242	14	43	36	22	36	36	37	23	26	38	162	164	16	17	31	22	15	35	13	30	32	19	164	184	26	13	4	30	22	22	23	28	12	12	144	173	34	40	36	20	28	11	22	38	24	21	160	181	34	24	33	30	30	17	41	24	22	22
7:41:59	37.0	208	214	26	31	24	43	37	21	23	25	31	35	209	186	47	27	28	43	27	30	31	42	40	47	202	232	30	24	38	20	36	25	35	30	31	40	221	227	19	23	20	30	14	27	50	24	52	24	158	165	20	23	32	17	27	25	25	25	31	26	174	176	13	32	34	20	38	26	19	31	40	37	184	185	30	39	40	41	30	10	41	22	38	25	190	192	42	41	22	30	36	28	33	34	39	20
7:51:59	37.0	223	217	11	34	8	45	48	16	37	21	34	20	232	222	42	18	32	37	27	31	55	33	42	37	260	264	18	31	46	42	34	35	33	34	39	44	263	246	16	36	37	24	29	41	49	32	37	41	183	185	7	20	31	34	26	27	25	40	29	8	179	183	22	31	10	22	27	20	24	24	37	25	190	202	19	52	35	40	25	28	32	32	34	24	198	211	33	23	42	37	36	30	28	47	39	24
8:01:59	37.0	226	240	13	37	30	15	18	23	42	45	44	41	230	248	33	19	29	34	37	25	41	38	26	35	279	282	37	30	36	39	38	37	39	28	22	41	243	285	38	27	16	48	44	34	41	36	41	37	161	208	7	34	33	27	23	32	21	10	27	23	201	206	13	21	31	30	30	24	46	24	23	43	215	215	25	42	31	19	38	31	20	36	37	32	221	199	22	33	29	30	32	33	25	26	44	18
8:11:59	37.0	258	242	19	38	27	26	45	41	31	54	36	45	242	267	55	11	45	41	40	41	50	22	33	51	276	289	31	24	10	33	53	26	41	35	36	37	293	276	31	35	22	41	36	19	47	31	43	34	193	206	33	31	25	30	26	10	30	52	46	35	216	210	33	16	18	32	34	30	23	28	46	22	201	206	21	17	32	21	32	44	23	38	43	36	271	244	39	37	58	35	27	29	42	44	50	37
8:21:59	37.0	269	296	27	22	19	30	25	51	34	46	38	30	251	256	43	35	20	31	44	37	31	36	35	26	307	297	28	30	29	19	47	46	35	58	23	48	318	338	26	38	32	29	51	48	40	61	49	29	227	244	15	24	22	25	39	32	41	36	42	18	244	232	16	19	29	23	29	39	32	33	40	13	233	242	36	40	42	39	21	33	47	36	29	34	276	288	41	44	31	36	18	29	20	41	32	28
8:31:59	37.0	262	256	23	29	42	39	31	39	47	43	38	43	264	280	56	33	18	28	44	34	38	41	43	49	316	317	35	44	35	36	44	44	26	47	30	41	371	326	31	28	42	43	43	43	42	53	41	40	215	260	24	16	43	39	29	29	36	29	17	34	256	258	47	35	18	29	29	32	34	34	45	26	264	258	19	17	43	48	29	41	33	30	35	28	293	292	52	48	43	32	30	51	40	20	27	29
8:41:59	37.0	317	302	45	34	36	43	56	38	36	50	42	39	292	305	72	37	41	46	41	40	41	44	55	49	314	338	24	42	33	31	39	41	50	47	45	57	354	342	32	37	32	28	56	48	43	51	51	35	252	263	34	28	29	14	26	34	28	29	20	36	255	277	30	52	27	39	22	26	29	27	40	34	275	285	44	32	35	56	39	36	50	41	36	45	310	286	56	48	50	50	35	26	38	34	38	36
8:51:59	37.0	340	317	40	24	23	31	49	36	44	37	38	51	309	320	66	23	24	45	52	36	38	48	37	52	336	386	33	18	20	39	41	42	53	46	45	45	346	397	31	28	49	48	54	49	38	56	35	44	258	249	39	25	42	25	37	36	45	29	29	21	269	300	44	29	33	44	18	46	31	31	48	47	257	283	21	44	44	55	36	43	36	39	20	37	352	313	56	44	57	52	51	29	31	20	34	27
9:01:59	37.0	336	338	10	33	43	39	37	47	43	33	46	41	319	342	59	50	28	46	47	35	57	54	40	38	376	390	42	33	28	31	52	44	52	50	42	52	388	406	41	45	33	31	71	56	34	58	41	56	287	282	33	30	46	28	39	35	24	12	41	41	300	318	30	42	24	44	33	41	31	35	41	35	299	317	32	56	49	50	27	46	37	42	33	38	399	353	30	22	36	45	35	44	49	48	36	35
9:11:59	37.0	353	364	34	25	35	37	55	38	49	45	33	46	368	378	50	41	38	32	40	41	44	35	52	52	383	421	34	48	33	37	56	48	68	38	43	44	426	434	42	50	42	29	47	56	42	44	51	49	286	317	35	27	21	37	30	44	39	40	49	31	335	356	35	33	34	39	39	35	39	28	21	37	308	350	53	42	52	43	25	41	48	47	46	47	375	382	56	52	45	50	55	46	37	60	46	33
9:21:59	37.0	362	383	30	26	42	37	49	40	55	48	53	56	363	381	60	47	38	31	48	37	51	34	48	39	429	466	31	32	31	43	66	49	48	42	53	44	482	429	44	37	42	35	46	35	49	48	68	55	317	353	16	32	46	33	48	46	40	45	51	40	339	345	30	27	41	40	25	43	19	38	27	46	343	358	59	54	62	46	45	50	54	27	44	51	433	400	46	69	46	71	47	53	35	37	49	37
9:31:59	37.0	368	428	34	41	34	43	37	59	47	72	46	52	380	399	63	39	55	54	44	60	67	56	40	34	456	471	26	35	52	38	54	50	43	68	43	45	494	516	38	40	45	44	69	54	57	54	47	66	343	388	30	23	39	32	36	42	35	29	31	48	343	410	36	27	37	48	52	52	25	52	43	43	369	379	37	59	48	56	44	50	56	37	44	30	442	426	59	48	37	56	46	47	55	36	34	49
9:41:59	37.0	408	469	37	36	26	47	46	51	69	50	50	50	391	419	52	31	52	46	49	69	62	67	54	71	476	492	14	24	27	33	75	60	52	61	49	48	528	519	44	31	45	52	72	58	51	54	42	57	325	359	31	31	39	29	42	33	32	56	33	50	389	398	44	46	36	42	48	41	33	40	44	41	372	414	51	69	38	49	48	42	64	41	27	55	502	465	73	50	49	57	50	52	42	50	42	56
9:51:59	37.0	414	455	28	55	38	51	63	39	40	54	61	69	425	476	71	41	53	59	66	50	43	74	52	71	526	516	16	39	54	53	72	52	59	50	64	50	524	545	45	27	33	53	67	59	50	77	48	51	392	412	49	41	43	41	50	31	36	35	40	41	392	453	36	17	35	47	36	38	30	38	54	52	433	471	45	53	49	79	60	41	51	24	49	56	521	449	63	70	51	68	60	39	42	48	60	55
10:01:59	37.0	476	482	43	34	40	48	65	62	36	71	54	53	449	468	63	46	37	53	57	43	65	64	51	45	528	499	44	45	60	44	54	67	68	76	38	57	579	541	60	40	39	52	71	65	57	36	73	61	402	408	29	39	31	47	58	30	29	55	51	50	461	469	46	69	44	36	52	35	58	41	29	47	454	495	56	56	66	52	37	50	58	46	42	56	587	540	74	69	60	65	40	61	55	52	45	58
10:11:59	37.0	496	515	46	48	51	58	52	62	44	38	63	58	460	516	59	51	42	45	51	50	49	51	48	60	547	586	43	58	44	56	68	63	57	56	64	63	604	587	50	43	31	53	66	55	70	61	65	69	448	506	62	28	60	49	49	41	40	30	23	51	500	471	37	42	51	55	46	32	45	57	44	40	486	543	47	56	58	53	61	52	53	66	67	59	646	567	65	60	76	69	51	74	62	64	47	75
10:21:59	37.0	508	550	30	49	51	58	37	63	73	69	56	63	503	496	38	30	43	61	56	68	69	66	73	54	542	588	30	52	42	50	50	63	85	58	59	61	631	625	49	45	46	71	79	62	74	70	61	81	483	503	25	24	44	46	54	41	48	44	49	52	510	512	46	50	48	41	36	51	41	40	59	46	509	548	62	61	61	58	54	59	54	57	49	47	650	608	66	72	64	84	47	64	59	63	67	72
10:31:59	37.0	569	565	58	47	59	61	80	65	52	77	60	50	515	574	78	39	60	60	60	66	56	83	73	59	603	640	44	51	56	68	74	45	76	75	55	54	686	689	77	51	57	52	77	75	58	72	77	68	493	529	53	51	50	53	56	50	49	61	43	50	538	549	56	40	57	37	52	51	44	47	43	64	539	584	49	67	53	67	46	27	53	43	66	50	730	639	69	71	77	65	47	50	53	42	57	58
10:41:59	37.0	603	609	53	43	55	64	52	60	68	62	77	77	562	593	72	47	58	48	48	66	61	57	69	72	651	629	53	61	35	39	74	72	65	65	69	67	727	694	44	47	69	85	83	58	72	79	54	71	523	527	53	49	46	57	53	41	34	66	54	36	566	601	40	33	55	56	30	33	59	55	64	68	591	613	68	70	63	65	52	42	63	65	53	39	758	691	83	53	90	74	67	57	59	58	65	70
10:51:59	37.0	643	609	64	41	65	68	48	49	75	63	85	78	592	625	69	61	62	45	76	65	76	61	65	73	639	671	43	56	46	57	87	75	88	66	84	67	772	703	63	56	65	61	67	72	76	62	83	68	564	599	28	39	59	45	44	50	36	63	33	61	642	623	55	60	61	47	50	50	57	41	54	56	645	673	78	68	80	72	69	57	60	68	59	69	798	694	70	81	54	72	66	59	81	59	70	65
11:01:59	37.0	644	640	53	57	59	66	72	80	72	62	69	82	586	667	60	64	53	63	71	62	61	66	65	61	651	697	35	66	73	59	67	86	75	71	93	75	769	794	80	59	64	75	90	56	71	85	84	68	582	625	46	58	54	53	54	43	55	51	48	54	647	647	51	65	67	65	51	28	58	76	72	51	640	670	86	80	82	85	56	53	71	65	51	60	812	763	55	78	56	88	77	52	65	86	56	62
11:11:59	37.0	655	659	46	47	57	70	81	74	73	74	78	85	681	673	88	52	55	79	85	67	85	68	63	76	760	743	65	46	54	59	77	77	68	68	76	82	829	753	65	62	74	53	65	73	90	85	96	61	634	681	44	62	59	52	50	60	43	72	61	57	643	703	42	48	76	45	51	63	61	55	70	73	678	755	66	85	85	81	47	66	69	61	43	85	863	805	101	84	87	72	78	89	75	66	71	83
11:21:59	37.0	706	726	60	64	65	68	63	56	82	81	88	66	687	749	74	59	62	67	73	65	69	65	90	67	771	789	70	49	47	84	63	69	88	81	84	72	874	831	61	68	56	76	83	99	87	93	79	71	654	725	58	62	68	62	57	51	47	58	62	48	697	711	67	53	55	66	52	60	57	71	68	63	724	773	101	84	80	95	60	87	77	49	70	66	911	796	89	91	82	72	58	65	70	66	71	58
11:31:59	37.0	779	756	54	45	80	56	64	65	88	92	65	61	724	725	93	50	62	62	69	76	61	81	72	102	788	789	61	64	63	58	65	77	62	96	73	96	896	888	81	59	68	68	85	82	78	91	86	85	696	721	34	44	56	57	64	48	60	40	74	59	745	775	59	69	61	66	57	50	48	61	81	50	709	833	84	79	71	95	81	79	68	64	56	79	910	893	102	95	108	88	104	56	74	70	67	68
11:41:59	37.0	797	801	66	48	79	78	73	80	81	81	90	103	756	797	83	46	75	72	83	77	83	72	77	83	824	891	59	57	65	71	76	81	68	76	89	98	947	892	67	49	84	66	94	84	82	105	92	67	706	758	47	62	67	59	56	68	45	70	66	79	792	807	51	56	61	51	63	58	60	46	65	71	776	861	88	95	86	101	63	67	75	76	80	95	973	898	115	109	112	78	98	81	68	86	80	86
11:51:59	37.0	816	827	59	55	70	80	68	75	76	83	87	79	804	844	86	50	65	61	83	80	61	99	92	79	897	859	58	64	67	76	75	77	94	76	87	109	989	982	103	85	67	81	101	83	118	112	82	93	734	777	53	67	65	79	54	46	39	59	61	86	848	872	73	51	71	79	74	60	80	61	54	77	809	870	91	101	98	99	68	84	75	58	71	84	1013	936	124	102	137	113	80	75	83	70	82	67
12:01:59	37.0	858	915	78	55	82	67	83	76	82	106	81	108	803	859	86	44	63	68	79	57	75	76	78	96	929	902	56	58	78	85	74	70	69	83	86	96	1039	1059	74	74	81	54	105	90	80	95	100	96	834	831	71	49	80	75	54	53	74	57	73	52	848	887	57	72	88	57	38	56	79	61	66	62	874	939	91	77	82	121	69	77	75	79	74	87	1067	951	94	105	105	84	93	72	92	89	98	73
12:11:59	37.0	952	919	73	67	79	64	65	72	86	108	100	116	846	909	91	75	74	72	63	72	99	83	100	103	973	971	87	73	75	94	67	101	89	94	87	105	1111	1014	85	73	95	51	117	78	102	112	79	90	797	842	57	74	63	49	59	63	60	78	66	77	850	882	68	60	58	84	61	80	66	62	71	79	871	995	97	94	92	93	85	73	81	79	87	95	1060	1009	105	100	108	99	99	88	87	93	77	76
12:21:59	37.0	973	971	76	65	76	56	78	101	87	100	88	87	862	932	90	62	76	89	92	86	78	100	85	89	971	1015	57	83	64	62	81	76	95	108	89	101	1149	1096	82	74	95	88	98	85	77	122	109	97	837	858	52	72	84	70	69	66	65	83	74	69	900	943	61	72	78	60	73	85	45	79	53	75	925	977	92	86	93	102	74	101	75	80	83	94	1082	1065	124	102	109	117	96	91	93	78	92	85
12:31:59	37.0	1012	976	76	69	82	80	65	86	101	106	113	99	899	968	76	65	76	73	87	108	89	91	93	89	1023	1054	76	67	77	83	80	91	96	110	87	100	1197	1150	100	82	79	83	110	94	104	108	94	93	855	911	56	64	63	78	69	77	59	92	79	65	979	950	63	68	77	73	69	73	44	72	94	70	991	1027	109	95	110	107	80	69	89	87	91	96	1210	1098	119	125	117	95	86	82	96	89	73	88
12:41:59	37.0	1044	1011	63	58	74	98	86	96	95	97	99	105	952	1029	83	91	75	77	76	106	67	101	105	109	1043	1067	55	72	79	75	89	94	96	96	97	111	1288	1178	87	50	73	103	116	85	94	113	99	104	906	969	69	77	82	85	68	73	57	73	60	87	995	1078	58	82	82	65	70	73	75	78	75	81	989	1098	104	95	107	109	93	98	85	65	80	68	1197	1245	139	122	96	104	116	96	85	96	82	88
12:51:59	37.0	1041	1097	69	80	99	94	89	88	82	108	94	118	1039	1054	102	78	80	79	82	89	88	103	107	92	1091	1146	70	71	69	77	79	98	97	123	98	110	1233	1202	98	80	95	86	114	108	105	100	99	125	923	1014	72	56	78	71	66	59	62	82	67	64	1050	1043	56	73	65	82	92	79	68	70	63	62	1053	1088	112	107	119	114	86	100	101	90	98	84	1253	1257	113	125	125	120	107	100	123	101	93	71
13:01:59	37.0	1174	1136	67	57	107	92	94	82	88	112	84	95	1055	1078	110	68	84	84	84	91	99	113	104	102	1168	1189	75	74	98	85	101	91	98	113	90	104	1361	1307	85	75	94	88	118	100	116	134	87	108	974	1033	54	73	90	72	79	64	62	69	71	78	1038	1053	73	80	86	90	72	65	55	82	69	99	1100	1183	97	115	122	125	80	93	72	93	89	103	1259	1287	143	125	130	114	83	99	101	97	106	91
13:11:59	37.0	1142	1175	65	73	87	95	88	93	105	113	94	108	1108	1180	88	93	86	87	88	90	102	103	111	109	1229	1258	61	95	74	83	99	90	106	124	115	116	1463	1317	100	93	104	97	125	91	106	126	100	114	1000	1078	72	67	69	80	83	69	60	76	65	79	1112	1132	80	65	96	94	72	67	67	87	89	82	1145	1218	109	112	140	112	99	80	98	94	104	107	1359	1316	134	132	133	146	89	108	117	102	94	93
13:21:59	37.0	1218	1199	81	81	88	71	85	73	96	107	102	127	1162	1163	93	71	83	87	96	107	101	101	98	123	1224	1238	67	100	80	80	119	103	105	105	104	117	1526	1362	84	70	94	80	125	107	102	130	101	114	1105	1125	56	95	94	81	65	63	79	70	86	89	1132	1210	65	65	84	90	82	61	81	91	78	61	1207	1282	114	131	137	125	77	75	80	100	98	125	1431	1385	128	129	118	100	114	103	104	96	113	91
13:31:59	37.0	1286	1253	77	78	92	85	91	108	90	106	116	124	1147	1182	102	83	102	91	96	92	100	105	104	123	1318	1320	67	76	74	76	106	109	113	126	122	123	1534	1495	112	105	115	81	125	116	118	125	107	120	1097	1138	72	81	97	71	73	81	63	88	86	87	1220	1275	67	90	72	84	80	63	86	72	84	89	1252	1368	132	122	117	128	105	96	111	73	99	102	1449	1461	138	143	132	153	120	98	101	103	100	108
13:41:59	37.0	1281	1284	81	93	98	105	91	115	110	121	124	122	1223	1262	111	92	92	115	117	102	120	128	103	121	1274	1339	73	77	90	71	121	111	115	102	106	139	1615	1508	92	96	101	105	114	105	99	123	129	126	1068	1195	69	79	107	66	92	77	79	75	93	87	1224	1284	76	84	96	94	87	91	83	85	88	92	1305	1365	117	133	125	128	100	110	110	109	100	102	1483	1434	119	145	135	141	101	123	115	123	114	88
13:51:59	37.0	1298	1406	71	76	88	90	108	103	97	135	113	131	1251	1330	95	81	90	87	101	103	90	111	132	124	1385	1397	71	87	84	91	78	114	104	107	99	127	1702	1540	97	107	108	94	142	101	102	121	129	129	1173	1255	77	92	96	102	92	73	72	99	94	84	1272	1306	78	108	108	91	74	96	59	89	74	101	1301	1447	121	155	140	129	91	86	119	98	100	99	1592	1610	152	147	149	121	120	112	125	119	104	82
14:01:59	37.0	1339	1339	92	78	92	102	78	95	111	128	109	132	1276	1385	91	67	84	112	92	108	107	112	140	143	1400	1418	90	71	64	80	113	113	124	101	126	143	1748	1605	101	68	121	98	120	95	89	131	115	119	1201	1259	85	84	105	85	69	74	76	88	89	80	1328	1360	79	86	101	113	67	90	81	96	84	81	1411	1487	125	105	137	146	109	101	96	123	123	130	1625	1662	148	144	138	141	99	131	108	119	112	100
14:11:59	37.0	1425	1400	73	102	112	114	108	123	115	132	130	133	1374	1399	101	81	92	100	87	106	92	117	119	135	1504	1465	72	74	109	99	123	100	116	129	126	125	1785	1712	96	94	126	107	131	136	116	151	127	139	1276	1313	73	91	103	128	79	75	83	84	85	102	1341	1415	69	92	91	93	86	78	93	77	90	84	1517	1543	106	139	140	149	93	102	107	120	92	103	1628	1689	143	131	116	128	123	123	107	118	102	99
14:21:59	37.0	1424	1458	91	85	85	87	119	113	141	114	125	137	1323	1450	119	85	88	109	91	93	120	96	137	139	1559	1603	95	97	90	97	95	112	114	128	129	145	1838	1673	94	101	117	92	144	137	118	134	128	136	1256	1372	86	91	111	107	76	78	98	68	90	79	1409	1425	88	98	105	110	63	91	80	90	90	95	1489	1581	104	120	158	142	112	89	106	115	116	118	1656	1788	139	144	150	144	125	116	125	129	115	97
14:31:59	37.0	1501	1503	85	96	93	108	114	97	103	121	136	145	1370	1437	124	108	107	131	132	104	113	118	149	135	1573	1555	53	86	94	108	139	110	135	135	119	129	1861	1786	98	87	157	96	144	123	125	146	122	138	1352	1354	66	89	116	113	96	91	72	102	93	110	1434	1536	73	85	95	93	71	83	103	108	92	123	1543	1663	127	111	157	131	104	125	91	123	116	120	1696	1883	180	133	141	164	136	98	120	97	112	105
14:41:59	37.0	1593	1552	86	74	96	118	107	99	116	139	126	154	1448	1521	132	98	108	118	124	103	124	108	138	136	1619	1599	81	94	84	115	109	122	124	126	112	139	1940	1757	117	92	112	105	95	126	118	151	143	132	1370	1427	71	88	110	93	99	79	78	90	91	93	1566	1571	106	110	107	100	101	91	96	92	104	108	1609	1715	138	119	145	158	95	119	95	120	116	122	1684	1893	164	161	134	158	136	132	133	112	98	98
14:51:59	37.0	1575	1587	86	99	90	109	107	118	98	139	145	154	1530	1531	129	89	86	101	102	110	111	122	144	155	1642	1605	91	81	108	101	125	112	118	155	122	159	1971	1838	146	87	99	131	146	120	138	142	135	132	1345	1452	86	98	109	111	70	73	91	100	101	88	1529	1663	90	104	121	99	76	89	97	91	88	99	1684	1698	112	139	160	133	100	113	112	129	114	129	1824	1966	154	148	162	152	124	119	125	122	121	89
15:01:59	37.0	1607	1629	98	95	111	110	121	96	116	149	116	155	1499	1559	106	98	123	74	112	104	119	124	153	133	1667	1707	92	104	111	110	102	117	114	128	131	152	2054	1885	108	91	138	94	124	133	124	143	131	152	1400	1535	88	97	97	108	71	76	86	98	106	110	1530	1638	93	95	105	108	68	93	85	93	95	94	1746	1751	131	120	155	156	117	112	114	101	99	107	1765	2030	150	181	134	154	119	116	142	111	118	107
15:11:59	37.0	1659	1654	107	97	123	101	101	129	121	152	138	148	1554	1617	123	89	110	115	105	129	103	142	164	171	1673	1765	99	91	91	95	114	93	121	143	120	163	2143	1935	113	102	121	116	145	123	133	168	124	168	1440	1554	80	106	105	116	94	96	76	98	112	101	1590	1697	97	80	108	105	95	79	92	99	107	133	1777	1861	140	141	141	156	128	130	116	113	109	131	1867	2031	146	178	146	160	139	115	108	107	111	95
15:21:59	37.0	1744	1682	96	105	104	115	118	115	126	141	148	158	1556	1661	115	94	127	119	105	118	137	126	145	168	1852	1846	83	107	101	122	120	124	118	144	132	147	2272	2002	117	103	111	107	133	121	115	153	149	142	1453	1652	91	70	122	123	88	99	74	93	116	105	1654	1763	113	96	98	116	77	69	100	102	104	126	1804	1885	154	140	156	161	134	88	127	124	132	149	1864	2065	144	163	173	153	125	131	115	95	103	98
15:31:59	37.0	1736	1710	108	101	110	105	113	120	124	132	134	164	1676	1679	114	92	111	125	104	138	112	126	144	155	1876	1824	117	88	110	106	92	113	126	147	146	183	2222	2087	134	107	121	112	115	131	144	166	129	158	1557	1630	81	98	115	125	78	91	89	112	107	104	1739	1782	105	105	101	114	106	89	90	105	112	120	1891	2011	151	160	170	168	123	118	116	125	152	135	1935	2156	156	179	152	141	146	130	142	117	110	106
15:41:59	37.0	1843	1815	103	103	124	122	139	130	129	138	142	153	1764	1795	126	105	106	102	112	120	127	140	152	138	1939	1945	98	80	109	94	126	126	120	142	123	171	2302	2140	125	120	100	127	127	132	143	156	156	156	1609	1667	92	113	127	103	88	74	104	101	104	100	1777	1844	85	91	130	119	88	104	84	99	114	96	1945	1942	169	156	154	155	118	133	133	112	119	151	1948	2216	157	189	128	154	138	117	114	116	107	96
15:51:59	37.0	1855	1813	88	105	105	116	123	115	147	137	165	165	1711	1800	109	88	114	105	105	121	135	151	155	145	1998	1952	78	111	100	115	129	134	117	124	145	156	2327	2170	113	112	108	123	128	134	158	169	135	154	1674	1711	91	116	121	125	97	108	86	134	105	97	1812	1901	88	87	118	117	102	92	89	80	107	124	1921	2086	159	175	166	176	129	109	119	137	111	122	1958	2227	166	163	156	208	151	119	122	95	121	89
16:01:59	37.0	1923	1887	105	129	136	135	116	120	154	148	139	138	1823	1828	140	105	118	131	101	115	115	147	143	136	1992	2027	92	95	106	122	128	145	138	142	134	171	2436	2232	108	94	127	116	126	135	139	144	143	163	1722	1743	85	122	135	115	107	79	98	109	114	116	1891	1867	104	94	106	122	90	74	90	102	117	126	2030	2054	158	153	170	176	104	143	135	109	135	138	1945	2273	162	160	172	163	140	136	122	120	98	113
16:11:59	37.0	1992	1907	114	99	130	121	112	137	117	160	149	153	1823	1916	119	106	111	126	139	127	115	146	162	175	2065	2055	99	106	107	119	119	136	162	144	156	154	2497	2307	133	96	135	116	143	137	152	177	154	131	1691	1869	122	104	133	101	95	94	93	118	102	117	1959	1953	115	109	111	115	94	106	114	102	125	128	2081	2155	156	159	169	181	121	136	138	144	144	153	1979	2407	136	188	159	189	135	157	149	107	101	108
16:21:59	37.0	2049	1971	90	102	143	131	129	129	144	171	170	167	1946	1916	132	93	127	126	115	130	133	136	175	146	2213	2094	89	106	110	121	114	128	121	159	154	160	2572	2405	127	131	133	132	144	129	150	159	146	167	1777	1853	90	106	128	123	95	103	84	107	100	105	2010	1951	96	104	126	127	100	102	100	102	109	124	2105	2124	153	165	165	183	113	136	131	130	135	140	2043	2346	169	193	145	191	153	149	136	103	106	106
16:31:59	37.0	2086	2053	107	97	129	129	104	154	150	142	160	163	1983	1996	146	107	120	128	134	105	155	147	143	172	2235	2225	90	93	102	99	137	114	116	147	147	156	2610	2443	129	102	142	117	130	161	146	163	149	182	1787	1819	120	100	122	119	94	121	94	116	118	100	2000	2126	111	97	138	126	111	92	101	121	108	87	2102	2201	166	159	198	180	124	132	118	135	151	131	2074	2305	136	186	150	213	147	140	108	112	104	133
16:41:59	37.0	2222	2103	99	97	137	136	134	111	150	156	145	152	2053	2075	125	115	147	125	113	123	147	147	162	173	2243	2292	106	103	116	100	134	118	144	162	153	188	2685	2626	126	106	147	128	157	149	137	175	175	186	1814	1903	94	112	139	119	104	95	95	127	117	117	2019	2147	106	118	134	108	79	116	103	113	126	125	2210	2259	154	165	204	171	129	129	133	149	118	136	2041	2443	148	200	145	169	153	141	136	115	118	101
16:51:59	37.0	2310	2174	103	110	105	143	125	147	124	159	143	162	2057	2148	133	113	129	133	140	113	130	160	173	186	2472	2318	96	101	116	115	148	141	139	132	144	198	2771	2628	122	108	135	125	129	144	134	165	152	169	1879	1973	102	118	117	140	99	83	114	117	113	105	2030	2167	104	99	113	143	92	94	99	128	112	114	2287	2301	160	166	192	179	111	133	158	121	132	149	2094	2516	152	199	159	189	150	154	108	128	100	98
17:01:59	37.0	2282	2277	111	99	131	147	131	136	148	169	165	162	2135	2178	130	107	153	125	111	145	127	153	183	167	2507	2387	108	115	136	133	133	122	145	149	130	196	2817	2659	124	127	139	128	140	150	150	182	145	182	1906	1998	85	97	131	127	105	114	110	120	123	119	2195	2204	121	138	126	152	103	105	96	119	117	141	2344	2350	179	184	181	206	116	118	153	132	143	168	2094	2531	151	189	164	191	144	129	112	112	114	108
17:11:59	37.0	2361	2290	113	124	137	134	145	128	154	180	181	156	2213	2304	137	120	132	144	125	137	143	156	175	185	2519	2493	106	119	116	129	128	153	146	155	149	162	2990	2736	130	132	135	123	147	139	163	188	146	166	1885	2011	114	120	130	112	100	110	113	110	119	145	2177	2232	96	127	146	121	104	104	123	119	133	145	2361	2382	171	170	165	178	122	140	142	157	145	150	2025	2616	165	209	158	196	142	141	127	101	114	90
17:21:59	37.0	2360	2239	101	126	142	140	127	141	151	174	137	173	2305	2263	134	127	136	138	131	162	115	160	191	171	2570	2598	111	117	118	119	149	140	140	172	134	183	2967	2798	117	119	125	135	154	112	162	188	147	182	2003	2089	81	97	140	117	105	100	99	115	133	151	2180	2293	139	117	138	134	100	102	115	107	124	142	2424	2499	168	183	181	183	95	162	144	126	155	145	2085	2590	156	201	159	214	166	153	100	106	114	94
17:31:59	37.0	2475	2357	114	122	147	155	130	132	163	179	172	195	2294	2301	131	127	140	131	127	123	129	178	190	177	2702	2548	108	107	125	122	139	146	138	149	149	182	2991	2939	130	133	137	139	130	160	154	203	145	193	2011	2081	109	112	152	120	75	108	97	117	124	142	2255	2296	129	121	137	120	103	88	91	116	119	121	2415	2474	141	164	187	196	118	160	123	139	159	155	2047	2602	128	190	136	192	153	151	136	113	106	115
17:41:59	37.0	2556	2395	117	137	141	145	135	104	162	169	177	155	2312	2404	154	128	130	134	148	138	138	166	168	189	2719	2753	90	100	141	130	137	148	151	153	136	199	3058	2923	136	124	125	132	142	151	164	190	180	185	2096	2118	101	107	133	143	131	102	123	116	130	109	2280	2352	123	125	170	132	110	116	89	122	108	133	2493	2566	176	190	159	214	117	121	160	136	156	180	2073	2688	149	201	172	190	168	146	131	91	104	89
17:51:59	37.0	2602	2551	121	136	133	145	152	156	133	179	175	174	2391	2439	156	104	135	126	123	136	144	177	182	171	2768	2734	107	126	106	145	147	156	161	139	142	216	3130	3059	141	131	122	150	159	150	156	169	161	195	2111	2180	103	104	156	141	111	103	103	102	126	133	2309	2463	131	123	117	133	108	111	122	124	125	136	2532	2559	142	186	176	211	131	154	146	136	137	175	2079	2666	135	186	165	189	128	135	128	116	121	113
18:01:59	37.0	2646	2553	135	138	136	148	151	146	145	176	196	167	2443	2550	159	116	126	151	143	143	146	160	180	185	2903	2766	105	120	138	144	138	131	130	147	165	193	3205	3085	122	144	146	129	163	139	168	165	152	190	2152	2156	117	106	145	129	97	107	115	128	146	118	2371	2530	113	111	139	161	128	105	124	132	136	132	2540	2626	161	187	181	189	162	129	125	150	160	160	2090	2717	137	229	147	204	145	150	127	96	103	91
18:11:59	37.0	2626	2664	128	130	140	148	127	146	170	182	155	165	2466	2628	134	123	132	159	132	163	143	163	190	205	2879	2849	93	121	153	137	166	146	159	157	181	188	3210	3242	128	144	118	139	126	137	144	203	175	177	2176	2156	108	124	147	134	107	113	102	128	146	128	2408	2481	123	125	159	126	105	121	107	121	130	125	2662	2610	170	169	213	202	126	144	155	158	157	144	2087	2718	165	214	159	209	160	165	117	91	102	102
18:21:59	37.0	2750	2695	109	139	151	153	141	167	157	171	189	178	2607	2620	132	124	129	155	147	147	141	175	209	178	3024	2905	117	116	134	141	142	129	163	175	158	176	3305	3192	147	122	138	153	134	153	134	181	159	201	2231	2179	105	147	128	145	130	106	104	125	144	132	2447	2529	123	125	150	151	99	112	131	136	125	149	2662	2741	166	200	190	194	128	156	145	159	153	141	2068	2694	153	217	156	238	162	159	109	101	95	89
18:31:59	37.0	2843	2771	118	117	124	170	154	154	174	192	172	194	2619	2698	163	139	168	142	144	160	157	182	186	194	3101	2981	107	108	135	148	154	135	187	156	168	208	3377	3325	125	139	119	163	153	179	147	195	173	177	2224	2252	121	131	136	140	137	108	146	122	134	129	2435	2644	123	141	158	137	113	134	111	131	150	123	2685	2697	174	177	174	240	144	155	155	170	146	185	2084	2705	141	188	165	204	161	149	132	110	92	90
18:41:59	37.0	2933	2750	132	129	153	156	163	157	169	190	197	159	2642	2640	153	127	138	140	155	160	167	181	198	193	3109	3004	99	103	143	125	153	138	163	171	163	208	3454	3414	144	133	126	124	149	158	169	196	150	189	2268	2284	104	119	141	127	96	110	106	105	149	125	2464	2599	111	123	144	147	116	112	124	135	132	140	2679	2721	172	195	185	194	138	143	147	152	164	173	2064	2779	149	187	161	223	159	152	120	110	103	114
18:51:59	37.0	2838	2891	102	125	149	167	158	131	173	179	192	143	2765	2749	158	114	156	137	149	157	161	195	198	209	3201	3116	107	123	125	135	130	150	161	170	168	215	3466	3463	153	131	148	147	133	170	152	165	165	174	2385	2301	111	117	158	152	126	113	118	126	171	146	2585	2538	122	135	142	151	109	127	107	138	127	149	2699	2754	186	183	222	216	133	160	153	149	169	143	2082	2721	168	202	166	204	162	138	112	119	109	105
19:01:59	37.0	3036	2968	108	126	153	178	136	162	175	175	205	187	2751	2908	165	130	129	144	155	152	144	174	201	196	3379	3143	117	121	136	133	147	140	159	163	161	226	3572	3603	133	145	111	142	143	142	169	215	191	187	2308	2397	107	133	150	123	111	101	126	133	138	144	2651	2599	103	123	137	150	109	95	125	137	148	130	2719	2717	181	185	215	229	147	150	141	128	173	173	2038	2809	133	191	121	218	144	148	110	104	89	98
19:11:59	37.0	3139	2900	139	141	173	157	147	166	163	177	186	182	2875	2841	163	142	170	151	140	171	167	177	204	214	3309	3192	88	109	132	153	162	144	168	185	172	207	3637	3678	126	131	116	152	139	175	185	185	170	209	2422	2356	112	126	143	145	123	122	116	149	133	133	2547	2670	134	137	159	168	108	118	118	114	145	140	2736	2883	184	188	207	215	134	156	154	166	172	166	2079	2818	130	176	161	217	145	166	129	92	105	93
19:21:59	37.0	3067	2954	134	132	179	172	150	165	172	203	193	188	2910	3016	154	130	163	165	151	145	165	160	208	179	3468	3303	119	117	122	118	147	161	179	183	170	219	3642	3712	140	138	127	155	140	156	153	165	168	170	2421	2385	118	107	152	128	121	114	116	124	156	127	2605	2756	128	118	120	167	111	149	109	143	134	138	2742	2794	196	184	202	197	144	144	148	142	173	159	2098	2881	149	206	171	211	152	148	128	107	105	122
19:31:59	37.0	3170	3049	131	131	170	177	137	143	153	182	186	164	2976	2942	141	117	147	175	158	142	149	172	205	172	3509	3331	114	123	120	144	133	181	175	175	162	203	3806	3757	134	139	125	171	137	176	180	191	179	192	2411	2485	112	125	148	146	117	105	113	132	149	153	2594	2849	130	128	156	170	120	127	150	128	141	157	2770	2825	193	184	213	205	150	153	146	165	138	143	2009	2877	148	184	135	230	143	168	111	86	93	108
19:41:59	37.0	3246	3051	147	137	142	173	160	162	170	207	211	179	2994	3069	157	130	159	182	144	172	163	205	210	207	3512	3474	101	132	141	145	146	138	156	152	174	190	3790	3842	141	131	102	150	145	173	171	161	186	200	2452	2495	134	121	160	157	119	120	115	133	118	140	2697	2787	147	136	145	176	108	109	112	133	156	165	2867	2875	197	189	211	217	145	154	159	169	160	163	2036	2884	139	189	128	204	144	177	111	104	97	94
19:51:59	37.0	3315	3103	129	131	139	170	165	168	173	215	192	164	3035	3081	152	119	179	166	148	175	136	162	201	209	3639	3507	99	130	143	132	146	149	179	172	160	160	3793	3801	129	139	130	143	138	160	180	185	173	187	2492	2515	128	131	157	139	118	117	121	142	143	118	2729	2870	141	133	168	166	112	139	127	143	144	147	2834	2905	207	206	208	222	136	149	157	173	163	162	2025	2885	147	189	150	232	155	163	114	92	115	103
20:01:59	37.0	3265	3186	131	153	163	183	143	164	189	208	229	162	3129	3074	146	148	169	171	147	162	162	178	191	199	3681	3381	106	124	146	148	135	131	177	175	151	198	3770	4012	128	127	140	144	139	164	174	177	184	177	2531	2500	120	135	188	161	133	117	108	145	135	146	2813	2799	116	114	165	180	120	143	109	155	153	150	2800	2921	171	195	203	189	153	160	162	164	140	165	2024	2757	140	193	155	216	149	176	114	100	115	91
20:11:59	37.0	3338	3150	134	131	150	156	132	170	155	205	202	158	3229	3144	154	138	153	169	155	158	178	203	180	186	3726	3537	92	120	156	141	144	148	161	183	152	201	3840	4072	131	130	145	166	131	169	170	191	172	202	2575	2622	123	125	165	159	130	116	112	147	149	132	2875	2881	123	148	157	154	132	118	124	162	142	170	2907	2900	159	196	220	217	152	151	160	174	179	161	1957	2858	145	198	138	235	143	168	111	110	102	82
20:21:59	37.0	3441	3260	141	140	178	178	159	151	166	207	218	157	3183	3271	149	140	166	156	140	160	165	189	226	189	3798	3649	115	141	125	146	146	151	173	196	192	184	3806	4084	132	119	143	160	146	194	165	195	173	191	2602	2654	127	145	161	154	120	119	111	154	149	143	2803	2879	131	160	172	160	137	124	122	123	174	170	2940	2922	191	184	228	217	157	169	168	151	143	151	1964	2854	125	178	163	217	134	133	116	102	88	106
20:31:59	37.0	3521	3343	111	141	180	191	160	158	165	208	226	158	3332	3333	171	145	169	173	168	163	183	195	204	193	3809	3644	127	121	135	143	150	132	170	190	153	194	3857	4213	118	141	132	152	139	172	194	190	171	174	2637	2589	112	136	182	147	122	93	110	144	151	123	2821	2906	129	121	164	164	116	142	122	163	142	132	2947	2936	158	186	218	227	127	157	142	143	174	178	1884	2877	159	163	115	222	155	165	106	93	112	103
20:41:59	37.0	3630	3438	131	144	156	214	161	178	204	210	201	177	3345	3449	151	136	157	186	166	159	172	186	241	199	3876	3705	126	126	145	157	145	150	180	199	177	200	4010	4171	121	132	128	138	139	165	169	191	177	176	2663	2715	122	125	172	166	142	110	125	135	152	146	2820	2905	141	156	154	171	140	125	105	131	144	133	2989	2923	185	194	235	215	153	138	176	169	168	174	1972	2880	136	200	128	210	148	170	128	76	111	96
20:51:59	37.0	3605	3418	119	146	163	186	161	169	198	209	211	159	3467	3439	146	152	175	169	144	142	190	183	218	173	3902	3817	121	118	165	147	146	167	162	181	168	201	4002	4372	128	129	125	152	134	177	177	172	190	184	2607	2639	132	134	170	149	122	135	105	139	146	133	2885	2974	121	137	168	176	120	108	109	130	137	156	2972	3002	183	189	231	225	150	164	156	159	164	181	1952	2820	150	192	156	220	142	167	114	110	96	90
21:01:59	37.0	3695	3531	141	150	188	168	172	176	183	202	228	146	3438	3466	157	127	174	169	148	152	185	187	203	202	4053	3791	147	139	144	144	150	158	183	163	180	181	4052	4436	140	143	122	176	138	189	186	172	182	182	2659	2726	126	129	187	160	130	129	116	122	148	141	2953	2919	137	127	175	168	116	131	123	155	161	166	2920	2974	184	207	205	192	161	140	159	188	168	169	1925	2912	127	192	115	225	137	176	111	104	107	87
21:11:59	37.0	3770	3573	122	134	171	192	179	173	181	222	219	174	3613	3476	168	143	176	167	165	176	179	205	203	225	4156	3768	134	125	151	153	173	155	182	179	163	166	4036	4391	145	131	128	139	139	177	190	168	187	172	2721	2773	121	131	160	141	112	137	115	134	135	136	2879	3008	141	138	156	141	145	104	130	154	162	153	2907	2958	164	194	226	210	158	150	159	145	168	173	1904	2850	143	186	127	237	142	171	107	110	88	91
21:21:59	37.0	3791	3545	115	162	170	174	163	176	186	209	210	159	3602	3548	158	143	168	161	182	181	180	193	209	206	4319	3842	120	110	138	155	140	157	177	182	187	194	4060	4526	120	135	117	161	158	162	177	172	189	187	2736	2729	119	125	183	155	143	116	129	140	132	130	2915	3004	130	153	171	181	127	127	128	145	148	186	2973	2980	207	205	225	220	161	166	146	158	198	198	1871	2748	146	186	163	223	139	161	86	94	106	87
21:31:59	37.0	3867	3660	150	135	153	194	151	168	170	188	224	141	3686	3537	158	156	181	174	155	164	198	196	218	215	4257	4092	139	140	147	139	130	147	172	181	176	168	4129	4548	126	133	138	164	144	169	189	191	188	190	2764	2786	120	148	176	174	127	132	135	158	163	151	2997	3130	145	151	171	190	127	145	131	144	159	147	2935	2892	179	181	221	213	156	166	155	148	179	176	1834	2822	115	184	156	241	148	155	95	92	99	103
21:41:59	37.0	4016	3693	165	150	177	180	143	184	160	221	213	136	3821	3726	153	148	164	176	182	164	159	187	211	198	4275	3937	131	112	136	136	158	157	182	172	162	188	4190	4592	134	128	135	152	152	192	190	198	178	189	2843	2729	119	136	191	162	149	139	117	137	162	137	3022	2966	132	138	174	176	129	121	110	139	148	142	2902	2939	168	205	226	197	151	163	181	161	174	141	1842	2765	142	159	129	203	159	177	109	106	101	91
21:51:59	37.0	3913	3671	146	155	177	188	177	158	196	210	204	147	3826	3760	167	144	185	177	168	178	176	216	198	183	4260	4062	122	139	141	137	158	163	185	173	177	172	4148	4595	128	147	115	159	133	177	180	191	199	183	2754	2748	118	137	175	150	146	135	122	167	140	138	3116	2975	145	168	157	182	122	129	143	137	162	170	2889	2896	203	209	216	221	183	140	154	169	167	179	1773	2748	133	192	132	210	134	180	97	111	103	91
22:01:59	37.0	4092	3783	136	127	172	199	142	165	191	172	232	121	3970	3753	169	169	155	196	174	179	189	210	216	184	4398	4111	118	133	138	146	156	153	177	157	213	192	4185	4657	131	143	128	143	118	165	204	174	197	195	2729	2844	124	124	174	143	137	127	137	146	142	160	3070	3084	135	147	177	179	138	129	144	147	150	138	2855	2947	185	211	197	228	174	178	185	168	185	160	1756	2761	123	196	120	231	126	169	90	107	97	90
22:11:59	37.0	4102	3888	127	134	190	180	173	186	164	190	220	142	3898	3787	170	159	161	186	139	178	173	204	208	188	4337	4152	102	143	165	159	155	150	177	184	168	200	4223	4656	129	117	112	158	150	183	176	205	193	160	2788	2818	118	128	162	159	136	156	128	143	146	149	2990	3109	134	162	167	180	133	139	134	147	162	155	2887	2869	194	211	218	224	158	162	148	168	153	167	1811	2782	116	185	139	216	124	162	82	106	88	96
22:21:59	37.0	4088	3929	134	150	174	180	178	142	172	218	218	129	3894	3956	169	127	182	175	176	153	181	205	212	225	4465	4140	121	122	158	121	173	164	185	188	161	186	4246	4900	158	137	135	165	130	159	179	186	208	194	2798	2800	138	148	150	187	93	127	142	165	147	142	3035	3092	135	162	179	149	126	131	110	137	161	159	2882	2903	178	200	219	206	160	187	166	155	193	171	1755	2722	113	191	131	218	137	163	96	88	83	82
22:31:59	37.0	4227	3955	135	145	192	188	176	158	195	212	206	138	4073	3913	157	150	155	186	172	181	203	223	229	204	4514	4234	125	152	149	151	157	150	169	202	155	169	4142	4852	135	150	138	162	137	169	191	178	228	181	2805	2873	139	143	162	186	134	123	135	155	152	150	3075	2977	125	139	160	181	141	133	129	132	148	140	2916	2913	164	207	219	211	170	176	161	171	191	177	1796	2642	127	187	135	210	115	157	90	100	81	73
22:41:59	37.0	4353	4024	160	140	196	198	165	152	184	205	212	141	4088	4009	141	117	170	180	152	165	173	198	237	214	4687	4250	118	137	146	162	153	162	164	194	198	203	4194	4890	109	141	110	168	119	167	189	182	210	184	2894	2859	125	133	171	185	132	121	118	162	157	160	3099	3045	121	148	168	175	118	150	141	148	158	173	2886	2889	200	188	202	226	143	167	170	163	183	162	1757	2632	128	195	139	204	120	170	73	102	83	73
22:51:59	37.0	4353	4048	151	150	184	179	180	164	213	208	195	127	4198	4015	169	151	154	187	187	190	174	214	219	214	4543	4289	133	136	148	125	138	151	182	196	167	181	4317	4991	153	139	120	169	145	165	187	189	206	186	2805	2878	133	138	174	157	142	135	133	148	167	154	3145	3152	145	151	196	174	120	138	138	139	175	159	2836	2883	186	192	208	221	147	170	171	161	180	187	1701	2564	130	185	134	211	130	169	106	65	79	96
23:01:59	37.0	4357	4067	136	149	192	202	183	172	166	185	215	132	4326	3971	174	142	184	181	184	182	181	225	216	199	4648	4232	121	143	154	165	152	131	178	208	180	178	4281	4957	117	135	120	169	142	177	198	173	194	200	2853	2913	133	139	194	171	151	134	152	161	159	134	3018	3081	148	157	187	185	132	117	142	134	168	161	2925	2882	160	194	222	226	157	168	172	167	188	168	1689	2630	131	194	147	198	127	166	86	73	85	93
23:11:59	37.0	4512	4194	143	157	206	186	172	159	199	218	216	107	4249	4187	170	160	175	203	167	175	177	210	224	177	4773	4473	145	126	152	151	148	165	180	188	180	193	4244	5025	141	136	101	169	136	174	176	176	216	193	2893	2867	131	132	168	143	136	110	133	139	155	114	3078	3042	157	148	167	180	128	152	136	168	159	156	2913	2789	176	208	208	207	176	181	156	167	177	184	1653	2486	126	189	118	216	130	179	96	81	98	76
23:21:59	37.0	4452	4153	159	166	169	195	180	161	185	200	225	134	4266	4069	157	158	167	189	196	174	187	198	252	202	4861	4336	131	121	157	155	176	159	199	165	184	188	4143	4946	133	137	97	153	125	182	178	175	221	189	2881	2907	120	131	174	168	134	133	131	154	152	157	3143	3029	144	152	170	193	122	137	148	163	161	154	2891	2851	186	209	228	234	156	171	159	154	183	177	1626	2516	113	173	120	211	124	166	103	107	69	68
