Time	T° sfGFP:483,510[2]	A1	A2	A3	A4	A5	A6	A7	A8	A9	A10	A11	A12	B1	B2	B3	B4	B5	B6	B7	B8	B9	B10	B11	B12	C1	C2	C3	C4	C5	C6	C7	C8	C9	C10	C11	C12	D1	D2	D3	D4	D5	D6	D7	D8	D9	D10	D11	D12	E1	E2	E3	E4	E5	E6	E7	E8	E9	E10	E11	E12	F1	F2	F3	F4	F5	F6	F7	F8	F9	F10	F11	F12	G1	G2	G3	G4	G5	G6	G7	G8	G9	G10	G11	G12	H1	H2	H3	H4	H5	H6	H7	H8	H9	H10	H11	H12
0:03:42	37.0	1534	1596	1561	1528	1450	1505	1435	1543	1504	1533	1496	1427	1554	1622	1576	1568	1599	1536	1520	1483	1486	1638	1573	1565	1505	1385	1551	1345	1361	1470	1508	1487	1522	1486	1484	1490	1485	1598	1503	1472	1489	1467	1481	1530	1501	1466	1599	1619	1465	1545	1595	1359	1407	1274	1427	1530	1510	1496	1602	1459	1632	1481	1584	1432	1569	1476	1535	1478	1590	1541	1590	1547	1510	1563	1533	1432	1418	1568	1415	1503	1505	1417	1471	1574	1428	1402	1410	1488	1454	1429	1489	1582	1501	1518	1500	1545
0:13:42	37.0	1521	1478	1603	1473	1587	1560	1477	1526	1528	1498	1448	1538	1392	1595	1539	1517	1486	1497	1549	1511	1469	1546	1537	1570	1494	1405	1483	1325	1477	1488	1441	1471	1533	1447	1458	1481	1447	1554	1544	1550	1504	1595	1445	1568	1404	1475	1533	1492	1475	1550	1601	1414	1506	1358	1504	1423	1423	1405	1619	1384	1558	1483	1578	1470	1575	1538	1471	1560	1441	1568	1591	1564	1482	1647	1503	1380	1457	1457	1510	1443	1456	1456	1464	1485	1513	1423	1451	1447	1486	1480	1497	1588	1486	1564	1481	1571
0:23:42	37.0	1558	1594	1598	1489	1579	1582	1500	1619	1514	1431	1471	1432	1534	1593	1476	1485	1531	1516	1546	1544	1448	1561	1445	1583	1482	1453	1512	1471	1553	1452	1455	1580	1474	1515	1403	1479	1501	1552	1523	1504	1530	1479	1545	1591	1460	1600	1427	1516	1434	1586	1546	1478	1425	1352	1478	1454	1462	1496	1487	1421	1581	1461	1530	1437	1591	1497	1556	1594	1542	1491	1529	1533	1512	1523	1486	1378	1553	1497	1339	1521	1460	1464	1509	1570	1478	1507	1475	1368	1564	1484	1567	1572	1535	1487	1405	1536
0:33:42	37.0	1592	1531	1610	1517	1601	1641	1517	1515	1478	1496	1474	1495	1542	1540	1591	1430	1588	1506	1513	1508	1507	1544	1515	1607	1546	1534	1535	1470	1570	1465	1586	1523	1516	1456	1453	1506	1559	1499	1547	1484	1617	1510	1478	1539	1534	1542	1525	1640	1460	1480	1553	1450	1486	1423	1552	1441	1494	1460	1620	1534	1518	1501	1550	1492	1478	1492	1547	1487	1579	1574	1674	1614	1514	1551	1439	1412	1511	1354	1484	1603	1546	1462	1448	1601	1519	1568	1440	1531	1595	1441	1587	1509	1551	1553	1549	1506
0:43:42	37.0	1592	1629	1592	1540	1558	1611	1561	1544	1500	1493	1484	1664	1536	1644	1458	1553	1554	1588	1545	1521	1493	1439	1533	1639	1571	1526	1573	1526	1550	1437	1598	1514	1516	1540	1541	1591	1568	1567	1549	1482	1546	1568	1545	1576	1490	1506	1569	1581	1539	1589	1607	1318	1527	1421	1451	1573	1396	1501	1545	1460	1630	1488	1586	1594	1573	1575	1573	1609	1519	1606	1547	1593	1533	1606	1576	1426	1540	1354	1472	1531	1393	1459	1581	1538	1588	1606	1573	1427	1579	1544	1605	1609	1532	1538	1527	1568
0:53:42	37.0	1569	1663	1571	1541	1577	1449	1517	1503	1505	1496	1548	1608	1527	1716	1501	1567	1514	1555	1513	1507	1474	1502	1373	1589	1445	1583	1537	1528	1519	1415	1510	1535	1498	1431	1549	1476	1510	1593	1536	1469	1618	1558	1590	1587	1550	1563	1559	1617	1516	1560	1565	1465	1577	1405	1554	1564	1477	1501	1514	1504	1674	1552	1601	1477	1598	1541	1551	1507	1436	1563	1657	1630	1512	1592	1565	1455	1425	1482	1520	1532	1558	1443	1523	1566	1533	1442	1459	1507	1596	1473	1659	1553	1602	1534	1504	1531
1:03:42	37.0	1613	1762	1622	1493	1624	1441	1502	1514	1513	1505	1512	1455	1523	1619	1517	1569	1427	1467	1582	1486	1470	1496	1515	1613	1610	1577	1554	1429	1596	1371	1595	1509	1528	1515	1451	1511	1518	1621	1562	1578	1591	1595	1573	1453	1557	1522	1653	1584	1548	1716	1528	1375	1567	1425	1535	1562	1450	1530	1526	1510	1631	1520	1600	1526	1569	1465	1519	1551	1577	1588	1654	1646	1549	1711	1550	1378	1431	1422	1534	1598	1410	1434	1493	1501	1492	1579	1475	1523	1570	1543	1616	1574	1518	1541	1586	1566
1:13:42	37.0	1625	1563	1577	1442	1569	1613	1542	1540	1466	1497	1449	1495	1480	1594	1511	1514	1545	1531	1491	1522	1511	1431	1505	1685	1532	1509	1547	1416	1560	1451	1521	1581	1454	1500	1507	1503	1584	1545	1570	1520	1622	1579	1478	1588	1486	1525	1610	1699	1552	1662	1629	1323	1561	1511	1582	1450	1498	1520	1492	1421	1708	1546	1543	1518	1642	1547	1544	1551	1564	1541	1619	1697	1658	1599	1500	1418	1574	1380	1503	1541	1357	1550	1540	1500	1500	1591	1486	1446	1600	1555	1695	1612	1577	1485	1517	1554
1:23:42	37.0	1617	1554	1578	1469	1502	1506	1521	1577	1491	1476	1401	1499	1582	1670	1503	1561	1548	1598	1535	1465	1535	1498	1537	1544	1653	1551	1542	1526	1657	1476	1541	1478	1447	1443	1464	1549	1603	1733	1528	1481	1633	1605	1552	1509	1575	1577	1524	1605	1534	1596	1543	1420	1608	1470	1630	1541	1523	1488	1575	1386	1722	1492	1569	1450	1645	1598	1499	1523	1532	1601	1667	1625	1548	1659	1499	1375	1539	1335	1520	1620	1526	1440	1533	1445	1597	1624	1487	1505	1597	1516	1516	1513	1511	1409	1512	1544
1:33:42	37.0	1667	1732	1571	1510	1501	1497	1493	1567	1576	1486	1461	1501	1463	1633	1557	1519	1504	1529	1525	1462	1596	1422	1548	1631	1528	1569	1518	1444	1563	1397	1584	1491	1464	1460	1369	1460	1575	1694	1525	1445	1622	1550	1553	1512	1583	1503	1587	1652	1581	1537	1508	1506	1540	1357	1514	1523	1455	1492	1545	1504	1699	1594	1549	1496	1631	1577	1561	1534	1555	1536	1582	1756	1588	1590	1512	1422	1359	1441	1524	1537	1388	1406	1457	1378	1544	1416	1482	1418	1528	1576	1515	1646	1500	1446	1521	1595
1:43:42	37.0	1690	1585	1605	1608	1624	1508	1586	1578	1504	1583	1442	1522	1627	1710	1580	1561	1547	1510	1579	1463	1452	1445	1600	1647	1592	1552	1567	1414	1663	1554	1485	1544	1471	1551	1397	1396	1514	1596	1518	1559	1614	1475	1503	1523	1612	1439	1548	1598	1553	1528	1528	1365	1497	1468	1507	1503	1453	1465	1448	1379	1702	1653	1575	1540	1591	1503	1551	1601	1599	1528	1695	1704	1627	1622	1511	1315	1464	1426	1534	1485	1419	1532	1449	1538	1558	1645	1564	1621	1521	1557	1576	1606	1458	1442	1470	1569
1:53:42	37.0	1628	1647	1648	1555	1615	1600	1448	1508	1402	1478	1436	1400	1554	1665	1515	1545	1537	1522	1508	1500	1497	1428	1552	1592	1647	1632	1534	1457	1583	1474	1475	1520	1463	1393	1549	1394	1513	1605	1544	1527	1477	1585	1557	1622	1579	1454	1582	1576	1597	1627	1492	1362	1504	1355	1572	1478	1431	1503	1448	1499	1689	1554	1578	1564	1491	1648	1525	1598	1578	1472	1500	1711	1628	1716	1478	1443	1484	1403	1506	1520	1416	1501	1482	1537	1630	1590	1481	1491	1542	1575	1502	1541	1519	1379	1500	1555
2:03:42	37.0	1661	1632	1551	1420	1633	1449	1510	1542	1440	1470	1436	1521	1413	1675	1508	1611	1538	1490	1577	1461	1558	1431	1560	1586	1645	1536	1590	1497	1557	1401	1485	1481	1371	1481	1441	1495	1530	1667	1549	1534	1525	1636	1450	1539	1634	1439	1485	1574	1652	1479	1551	1348	1471	1357	1472	1502	1429	1482	1497	1322	1675	1555	1452	1624	1543	1587	1494	1555	1583	1375	1532	1660	1547	1714	1420	1438	1562	1315	1540	1551	1440	1462	1452	1383	1524	1606	1472	1574	1497	1575	1554	1535	1532	1435	1474	1568
2:13:42	37.0	1647	1665	1550	1481	1570	1522	1514	1509	1526	1507	1293	1338	1485	1650	1541	1627	1455	1543	1469	1542	1561	1478	1512	1572	1587	1544	1449	1541	1501	1370	1530	1456	1368	1463	1367	1445	1529	1638	1539	1538	1601	1608	1435	1474	1606	1441	1511	1560	1594	1531	1415	1421	1473	1374	1603	1520	1395	1487	1462	1427	1689	1575	1546	1602	1608	1570	1471	1558	1585	1539	1461	1605	1590	1523	1376	1433	1438	1368	1422	1523	1410	1432	1453	1396	1557	1564	1467	1582	1518	1534	1565	1569	1574	1401	1435	1416
2:23:42	37.0	1655	1681	1543	1528	1579	1439	1521	1498	1404	1322	1297	1406	1607	1703	1509	1635	1524	1553	1467	1477	1512	1337	1430	1495	1707	1519	1475	1422	1482	1392	1552	1483	1426	1389	1396	1515	1560	1612	1516	1621	1525	1535	1431	1555	1521	1440	1401	1564	1743	1499	1426	1448	1473	1457	1506	1478	1466	1507	1467	1443	1636	1495	1404	1571	1476	1574	1425	1603	1536	1358	1471	1626	1611	1575	1376	1431	1451	1340	1397	1403	1415	1446	1425	1449	1531	1591	1483	1493	1588	1563	1592	1501	1484	1407	1425	1521
2:33:42	37.0	1750	1626	1561	1531	1570	1553	1296	1292	1248	1247	1383	1420	1640	1574	1534	1603	1490	1562	1394	1396	1230	1237	1343	1541	1616	1597	1498	1450	1531	1381	1423	1477	1464	1433	1479	1391	1520	1603	1567	1475	1509	1604	1490	1498	1553	1442	1444	1548	1674	1598	1465	1467	1560	1435	1503	1474	1424	1505	1490	1523	1615	1543	1512	1575	1500	1602	1506	1560	1567	1449	1536	1601	1671	1682	1358	1423	1410	1389	1407	1490	1371	1360	1493	1462	1554	1513	1507	1541	1462	1542	1511	1592	1502	1478	1429	1473
2:43:42	37.0	1675	1662	1533	1346	1594	1509	1328	1298	1351	1516	1401	1410	1582	1729	1405	1511	1556	1486	1330	1321	1276	1297	1372	1463	1629	1563	1417	1471	1472	1357	1504	1454	1431	1404	1312	1191	1526	1589	1497	1513	1443	1544	1499	1517	1497	1410	1455	1571	1615	1470	1393	1522	1598	1150	1497	1518	1401	1463	1492	1604	1644	1648	1576	1466	1516	1521	1514	1559	1625	1409	1456	1571	1687	1544	1379	1439	1444	1361	1453	1523	1378	1380	1379	1475	1550	1605	1437	1561	1455	1521	1465	1528	1582	1391	1398	1525
2:53:42	37.0	1693	1687	1460	1466	1443	1348	1380	1474	1430	1532	1452	1421	1620	1642	1490	1480	1385	1400	1410	1412	1368	1419	1389	1404	1601	1487	1430	1423	1486	1353	1456	1501	1475	1201	1202	1196	1496	1579	1476	1518	1459	1561	1444	1462	1536	1447	1435	1474	1634	1430	1471	1352	1226	1158	1502	1497	1471	1557	1542	1487	1666	1479	1399	1508	1515	1423	1483	1515	1572	1481	1454	1604	1620	1714	1416	1469	1401	1527	1500	1499	1298	1503	1531	1501	1636	1643	1383	1588	1452	1549	1478	1573	1512	1380	1427	1525
3:03:42	37.0	1692	1697	1492	1432	1459	1481	1483	1445	1475	1458	1327	1341	1633	1597	1478	1464	1416	1475	1444	1393	1403	1416	1434	1405	1645	1506	1347	1355	1456	1448	1182	1238	1167	1239	1205	1335	1523	1663	1410	1452	1443	1494	1453	1315	1382	1443	1321	1488	1635	1403	1461	1321	1324	1378	1448	1510	1367	1470	1483	1366	1668	1512	1434	1503	1451	1385	1472	1525	1656	1479	1560	1636	1673	1660	1434	1484	1477	1475	1454	1487	1409	1476	1437	1497	1532	1593	1454	1579	1470	1598	1550	1503	1528	1457	1378	1542
3:13:42	37.0	1604	1623	1470	1491	1517	1467	1422	1407	1393	1390	1387	1289	1578	1603	1489	1428	1486	1477	1382	1444	1425	1395	1356	1364	1608	1445	1403	1361	1485	1295	1352	1364	1303	1279	1384	1447	1568	1562	1491	1392	1421	1475	1369	1359	1363	1333	1368	1393	1716	1619	1359	1412	1448	1554	1510	1553	1490	1482	1573	1340	1683	1533	1416	1464	1424	1440	1544	1529	1526	1554	1497	1640	1669	1568	1415	1486	1588	1323	1458	1591	1421	1478	1470	1490	1558	1653	1435	1503	1485	1601	1453	1546	1446	1457	1439	1549
3:23:42	37.0	1644	1564	1440	1421	1446	1458	1401	1347	1346	1333	1311	1339	1548	1597	1418	1392	1474	1324	1330	1353	1359	1339	1349	1273	1642	1466	1421	1261	1390	1313	1368	1418	1339	1408	1344	1371	1497	1568	1522	1452	1391	1521	1369	1412	1465	1285	1334	1410	1624	1455	1360	1495	1495	1512	1554	1524	1448	1508	1515	1343	1738	1607	1459	1527	1472	1442	1502	1580	1656	1518	1543	1680	1805	1727	1536	1380	1427	1315	1579	1509	1393	1373	1559	1550	1649	1748	1464	1530	1459	1486	1519	1659	1496	1434	1513	1605
3:33:42	37.0	1578	1604	1422	1352	1425	1461	1329	1345	1347	1306	1312	1307	1569	1519	1379	1455	1370	1427	1316	1334	1357	1310	1360	1323	1721	1528	1395	1391	1352	1325	1392	1373	1429	1372	1329	1335	1526	1531	1422	1378	1385	1325	1420	1486	1410	1387	1387	1427	1712	1490	1443	1548	1508	1506	1565	1526	1586	1596	1390	1280	1514	1561	1501	1454	1491	1487	1547	1595	1621	1635	1595	1701	1811	1735	1454	1415	1531	1417	1469	1551	1411	1546	1521	1508	1655	1761	1437	1532	1496	1408	1487	1587	1574	1443	1431	1556
3:43:42	37.0	1570	1528	1416	1387	1388	1431	1335	1334	1322	1345	1303	1301	1612	1587	1358	1355	1386	1436	1364	1300	1275	1299	1267	1357	1630	1402	1348	1463	1383	1473	1401	1409	1444	1354	1294	1319	1590	1671	1420	1392	1445	1339	1437	1406	1375	1361	1302	1284	1551	1389	1508	1532	1502	1424	1596	1588	1396	1393	1281	1477	1526	1560	1477	1527	1524	1461	1630	1616	1615	1590	1581	1640	1909	1857	1495	1550	1423	1429	1503	1508	1544	1595	1521	1427	1775	2011	1528	1544	1421	1473	1583	1565	1521	1541	1495	1578
3:53:42	37.0	1500	1511	1349	1332	1396	1386	1299	1370	1387	1273	1289	1271	1580	1486	1322	1315	1378	1374	1372	1293	1285	1306	1300	1295	1561	1400	1358	1380	1421	1332	1384	1360	1408	1344	1289	1282	1529	1508	1424	1435	1382	1348	1427	1466	1393	1349	1301	1327	1509	1497	1461	1506	1473	1421	1632	1401	1302	1398	1332	1556	1538	1501	1508	1447	1473	1462	1645	1631	1563	1470	1559	1536	1925	1976	1455	1549	1514	1449	1518	1584	1583	1542	1414	1392	1858	2042	1510	1577	1449	1453	1572	1588	1565	1498	1486	1631
4:03:42	37.0	1525	1517	1354	1322	1407	1336	1295	1350	1359	1386	1282	1285	1498	1545	1382	1401	1428	1363	1332	1311	1324	1334	1303	1316	1562	1381	1389	1398	1306	1283	1395	1410	1438	1341	1329	1279	1581	1496	1423	1411	1427	1351	1484	1458	1474	1357	1292	1313	1477	1558	1479	1493	1452	1421	1503	1407	1388	1476	1485	1579	1504	1488	1469	1488	1399	1463	1591	1550	1614	1500	1572	1628	1954	2084	1523	1545	1450	1437	1499	1477	1447	1479	1460	1530	1985	2124	1534	1564	1443	1440	1597	1619	1593	1500	1470	1493
4:13:42	37.0	1461	1516	1355	1409	1289	1362	1356	1360	1300	1289	1322	1292	1413	1402	1415	1377	1377	1321	1416	1294	1297	1381	1326	1339	1461	1496	1342	1321	1390	1292	1444	1454	1413	1353	1275	1336	1463	1556	1438	1354	1375	1364	1502	1525	1389	1340	1344	1407	1502	1486	1479	1526	1436	1396	1580	1512	1523	1617	1614	1486	1540	1497	1406	1511	1438	1477	1539	1607	1557	1525	1544	1521	2159	2148	1602	1609	1458	1398	1515	1506	1435	1537	1474	1540	2129	2212	1520	1612	1453	1470	1588	1553	1492	1518	1432	1551
4:23:42	37.0	1463	1482	1434	1423	1435	1380	1397	1347	1277	1279	1286	1314	1451	1481	1379	1380	1380	1387	1339	1346	1315	1358	1363	1259	1574	1431	1316	1314	1374	1297	1516	1503	1517	1339	1329	1293	1486	1504	1445	1359	1391	1379	1527	1553	1435	1404	1362	1366	1497	1448	1499	1461	1455	1491	1612	1613	1566	1615	1566	1521	1514	1517	1528	1502	1470	1492	1569	1561	1586	1601	1588	1557	2271	2274	1582	1623	1403	1532	1487	1560	1490	1587	1529	1637	2275	2493	1621	1674	1492	1496	1571	1616	1520	1599	1454	1578
4:33:42	37.0	1445	1470	1394	1407	1388	1410	1312	1361	1321	1314	1299	1301	1487	1405	1430	1405	1390	1354	1374	1364	1405	1343	1377	1349	1448	1497	1368	1347	1321	1318	1523	1505	1476	1391	1394	1330	1482	1522	1426	1403	1342	1289	1589	1593	1595	1365	1364	1381	1474	1432	1486	1458	1501	1399	1594	1562	1596	1540	1497	1476	1443	1501	1450	1439	1445	1485	1591	1609	1638	1599	1571	1576	2329	2493	1649	1671	1496	1526	1545	1593	1520	1599	1561	1560	2410	2612	1641	1663	1429	1502	1552	1561	1600	1562	1520	1560
4:43:42	37.0	1365	1491	1447	1446	1420	1366	1436	1374	1352	1374	1330	1337	1396	1483	1432	1410	1386	1363	1401	1435	1412	1367	1386	1319	1473	1476	1307	1413	1326	1337	1578	1476	1531	1361	1354	1379	1420	1468	1434	1365	1395	1326	1573	1633	1543	1401	1406	1290	1507	1471	1499	1554	1460	1451	1647	1686	1586	1613	1609	1554	1466	1521	1571	1472	1461	1529	1663	1622	1598	1595	1602	1569	2540	2669	1734	1780	1562	1581	1535	1598	1560	1542	1547	1626	2698	2935	1708	1751	1540	1491	1583	1519	1524	1496	1520	1544
4:53:42	37.0	1399	1559	1458	1450	1372	1388	1484	1418	1375	1378	1426	1273	1460	1424	1457	1435	1439	1369	1391	1429	1369	1408	1397	1341	1446	1473	1389	1416	1328	1364	1638	1519	1487	1354	1366	1386	1453	1521	1357	1337	1304	1282	1591	1624	1560	1401	1340	1401	1521	1453	1463	1533	1534	1446	1653	1631	1597	1597	1527	1579	1494	1478	1532	1482	1487	1466	1664	1631	1657	1549	1548	1581	2701	2940	1745	1837	1543	1559	1545	1501	1520	1594	1546	1543	2944	3085	1713	1725	1482	1539	1546	1593	1538	1570	1619	1512
5:03:42	37.0	1480	1453	1483	1503	1485	1474	1499	1453	1409	1374	1347	1342	1428	1384	1462	1407	1433	1377	1457	1422	1431	1404	1370	1403	1426	1493	1388	1370	1332	1380	1574	1661	1638	1409	1394	1415	1436	1474	1387	1419	1366	1374	1682	1734	1634	1411	1398	1445	1425	1475	1528	1425	1466	1537	1666	1627	1621	1651	1661	1543	1452	1475	1480	1524	1464	1471	1619	1723	1600	1638	1624	1549	3024	3147	1838	1855	1585	1564	1603	1598	1567	1563	1580	1551	3187	3475	1734	1826	1487	1516	1576	1618	1574	1563	1602	1582
5:13:42	37.0	1452	1421	1554	1544	1428	1481	1515	1474	1405	1421	1394	1367	1423	1462	1515	1475	1507	1451	1491	1556	1432	1469	1413	1406	1463	1457	1419	1369	1353	1310	1636	1662	1664	1425	1430	1423	1377	1459	1410	1379	1376	1384	1663	1746	1706	1433	1389	1396	1446	1459	1547	1584	1518	1443	1640	1679	1607	1671	1545	1580	1426	1434	1586	1578	1462	1479	1686	1612	1596	1622	1590	1617	3289	3303	1876	1928	1646	1605	1586	1648	1626	1595	1664	1584	3314	3650	1855	1893	1599	1550	1596	1582	1598	1530	1618	1567
5:23:42	37.0	1484	1526	1504	1524	1420	1489	1510	1450	1449	1391	1422	1396	1425	1429	1523	1532	1537	1419	1494	1531	1477	1429	1468	1397	1427	1424	1473	1397	1444	1412	1686	1705	1731	1436	1475	1488	1432	1552	1441	1470	1377	1280	1758	1792	1693	1502	1459	1438	1438	1488	1585	1582	1475	1488	1631	1640	1666	1623	1657	1512	1461	1518	1575	1597	1524	1530	1716	1693	1665	1618	1595	1551	3512	3540	1938	2047	1721	1655	1622	1634	1635	1635	1667	1653	3562	3859	1918	1994	1600	1587	1562	1580	1593	1687	1615	1604
5:33:42	37.0	1506	1445	1519	1561	1513	1441	1516	1472	1410	1446	1370	1389	1488	1445	1573	1562	1530	1500	1547	1541	1509	1459	1465	1460	1471	1473	1497	1460	1375	1343	1772	1757	1768	1456	1481	1495	1466	1489	1408	1413	1385	1319	1753	1869	1751	1495	1419	1438	1456	1473	1592	1605	1501	1489	1673	1722	1662	1655	1674	1555	1444	1468	1594	1566	1515	1567	1659	1617	1645	1650	1599	1679	3753	3923	2095	2097	1748	1766	1622	1670	1616	1679	1661	1626	3678	4050	1945	2084	1672	1610	1656	1649	1618	1629	1673	1658
5:43:42	37.0	1479	1533	1548	1601	1531	1413	1534	1567	1464	1442	1486	1427	1492	1469	1555	1561	1501	1526	1540	1522	1509	1470	1453	1462	1448	1438	1537	1475	1351	1433	1742	1801	1788	1473	1557	1488	1444	1498	1451	1499	1342	1372	1880	1886	1818	1456	1552	1493	1496	1484	1591	1597	1501	1530	1656	1699	1677	1650	1625	1602	1517	1508	1607	1645	1502	1548	1662	1765	1681	1662	1594	1661	3863	4064	2212	2223	1696	1718	1692	1603	1728	1703	1596	1650	4145	4459	2051	2178	1705	1709	1719	1680	1618	1714	1683	1621
5:53:42	37.0	1512	1573	1568	1585	1557	1510	1562	1526	1419	1501	1469	1473	1517	1504	1533	1606	1540	1532	1539	1578	1529	1459	1478	1435	1440	1483	1483	1561	1383	1456	1806	1797	1807	1536	1513	1478	1449	1530	1431	1516	1446	1419	1900	1862	1792	1527	1579	1542	1454	1468	1644	1606	1522	1511	1720	1650	1651	1625	1611	1664	1480	1510	1661	1595	1578	1521	1712	1646	1643	1665	1669	1663	4170	4556	2227	2212	1729	1780	1662	1626	1687	1744	1623	1644	4353	4775	2181	2217	1721	1845	1661	1617	1724	1707	1682	1684
6:03:42	37.0	1521	1535	1533	1566	1511	1474	1541	1532	1528	1467	1523	1501	1566	1542	1580	1550	1591	1524	1554	1567	1482	1505	1497	1439	1455	1448	1584	1515	1520	1375	1801	1870	1807	1536	1614	1490	1491	1492	1495	1504	1469	1410	1923	1912	1894	1582	1527	1545	1553	1543	1617	1653	1509	1533	1727	1610	1661	1682	1594	1586	1466	1566	1633	1671	1627	1583	1664	1650	1586	1582	1666	1595	4565	4762	2256	2318	1834	1869	1734	1698	1692	1720	1657	1669	4882	5212	2261	2298	1817	1873	1643	1680	1678	1746	1699	1761
6:13:42	37.0	1549	1563	1604	1580	1578	1531	1579	1513	1511	1490	1511	1437	1561	1577	1548	1599	1565	1538	1573	1492	1585	1580	1587	1507	1467	1454	1576	1556	1546	1502	1822	1827	1809	1502	1606	1545	1497	1531	1571	1522	1538	1386	1897	1810	1860	1591	1571	1560	1559	1594	1592	1651	1496	1462	1668	1562	1605	1611	1536	1566	1534	1556	1714	1627	1538	1572	1649	1598	1599	1675	1597	1566	4948	5024	2390	2435	1860	1850	1722	1722	1731	1740	1664	1651	5239	5664	2342	2362	1835	1806	1736	1654	1705	1740	1705	1759
6:23:42	37.0	1540	1558	1598	1685	1561	1553	1518	1507	1480	1561	1531	1551	1561	1545	1663	1600	1552	1591	1582	1625	1514	1558	1543	1549	1510	1528	1539	1545	1459	1516	1899	1821	1846	1574	1583	1650	1518	1541	1524	1526	1525	1530	1996	1983	1802	1714	1624	1532	1564	1546	1622	1678	1537	1519	1561	1585	1503	1543	1563	1567	1591	1645	1645	1641	1560	1594	1579	1612	1522	1508	1606	1584	5175	5684	2420	2458	1956	1918	1748	1714	1653	1671	1635	1656	5818	5995	2404	2422	1951	1940	1717	1638	1755	1684	1754	1685
6:33:42	37.0	1590	1580	1622	1586	1544	1545	1553	1568	1565	1565	1572	1534	1577	1601	1661	1628	1599	1521	1512	1557	1549	1529	1561	1629	1478	1487	1552	1547	1502	1486	1817	1801	1859	1552	1612	1584	1503	1538	1619	1528	1556	1492	2068	1917	1809	1663	1575	1618	1571	1618	1652	1678	1558	1561	1590	1554	1567	1489	1564	1507	1715	1595	1642	1647	1600	1522	1581	1592	1525	1559	1539	1555	5705	6001	2488	2490	1879	2036	1696	1677	1641	1617	1658	1713	6003	6635	2611	2581	2058	1852	1650	1658	1730	1759	1821	1685
6:43:42	37.0	1604	1622	1550	1610	1542	1515	1536	1542	1507	1535	1533	1540	1674	1646	1673	1587	1623	1548	1533	1537	1585	1585	1588	1619	1576	1546	1606	1586	1486	1520	1831	1818	1789	1546	1543	1615	1544	1520	1615	1530	1652	1489	2066	1869	1851	1646	1638	1586	1597	1642	1587	1671	1607	1586	1462	1500	1507	1491	1450	1470	1627	1619	1726	1601	1608	1642	1506	1490	1553	1485	1504	1477	6220	6488	2507	2588	1969	1977	1657	1616	1669	1610	1688	1696	6856	7065	2693	2603	2044	1982	1673	1630	1782	1756	1769	1852
6:53:42	37.0	1616	1650	1589	1636	1584	1575	1567	1529	1514	1521	1570	1555	1702	1618	1609	1633	1635	1553	1619	1540	1531	1588	1691	1603	1565	1543	1570	1561	1512	1563	1777	1851	1837	1545	1574	1604	1540	1566	1577	1580	1650	1527	2036	1900	1819	1607	1618	1596	1675	1698	1584	1665	1496	1586	1475	1510	1459	1485	1471	1407	1669	1600	1700	1650	1631	1631	1483	1535	1442	1483	1480	1494	6609	7054	2446	2600	1964	1985	1666	1616	1686	1623	1624	1679	7273	7769	2715	2485	2040	1949	1700	1673	1827	1841	1865	1875
7:03:42	37.0	1656	1675	1596	1640	1512	1566	1607	1552	1529	1579	1532	1595	1729	1684	1611	1667	1641	1551	1597	1523	1569	1556	1609	1617	1560	1578	1575	1540	1499	1512	1787	1777	1828	1601	1510	1642	1665	1609	1636	1550	1633	1513	2026	1894	1837	1658	1595	1594	1682	1724	1630	1652	1550	1570	1483	1441	1474	1414	1467	1437	1641	1752	1619	1602	1536	1547	1489	1461	1436	1387	1482	1505	7233	7422	2475	2624	1984	2023	1640	1624	1626	1664	1609	1688	7748	8286	2758	2695	2167	2001	1720	1698	1796	1778	1770	1777
7:13:42	37.0	1716	1679	1596	1688	1595	1572	1561	1590	1544	1608	1596	1700	1684	1687	1618	1598	1640	1553	1518	1480	1501	1560	1694	1592	1702	1593	1540	1504	1553	1492	1798	1731	1776	1577	1550	1629	1654	1566	1643	1506	1717	1528	2075	1860	1755	1675	1586	1632	1706	1752	1609	1630	1564	1520	1464	1440	1376	1399	1495	1438	1739	1717	1649	1564	1632	1561	1438	1463	1405	1399	1504	1420	8056	8112	2522	2621	2042	2012	1668	1592	1613	1657	1639	1728	8051	8758	2810	2650	2194	1999	1712	1661	1828	1832	1824	1850
7:23:42	37.0	1727	1713	1584	1579	1574	1569	1533	1547	1586	1637	1596	1605	1703	1772	1581	1627	1565	1580	1588	1540	1500	1517	1666	1574	1677	1619	1453	1529	1551	1524	1751	1805	1784	1578	1549	1586	1565	1672	1653	1510	1692	1530	2123	1815	1776	1658	1589	1605	1803	1752	1604	1633	1505	1553	1453	1474	1414	1444	1444	1397	1746	1719	1557	1606	1590	1551	1438	1427	1397	1423	1460	1509	8455	8557	2551	2571	1978	2000	1619	1669	1562	1631	1663	1713	8564	9177	2846	2717	2203	1977	1749	1668	1712	1864	1811	1873
7:33:42	37.0	1709	1774	1588	1652	1583	1590	1584	1529	1580	1591	1586	1629	1750	1828	1554	1603	1582	1618	1535	1559	1537	1568	1612	1630	1726	1764	1557	1529	1492	1527	1790	1756	1794	1555	1581	1631	1674	1711	1649	1526	1698	1498	2077	1772	1848	1642	1627	1686	1761	1837	1570	1584	1628	1534	1406	1384	1418	1344	1433	1434	1817	1806	1652	1579	1552	1604	1452	1440	1411	1383	1424	1412	9191	9140	2538	2552	1973	2017	1644	1639	1661	1609	1629	1610	9363	9922	2859	2650	2258	1966	1720	1678	1809	1874	1836	1895
7:43:42	37.0	1811	1828	1559	1588	1535	1582	1545	1548	1578	1561	1588	1634	1833	1847	1551	1567	1599	1586	1532	1563	1515	1614	1648	1577	1694	1727	1506	1536	1547	1521	1758	1786	1771	1563	1597	1615	1675	1725	1661	1591	1717	1526	2000	1827	1771	1630	1566	1685	1808	1867	1565	1626	1574	1597	1431	1401	1427	1402	1427	1459	1801	1873	1536	1544	1580	1525	1360	1428	1398	1383	1437	1459	9735	9466	2525	2543	1995	2006	1615	1608	1631	1636	1591	1676	9701	10503	2894	2718	2165	1958	1785	1653	1763	1846	1859	1915
7:53:42	37.0	1801	1874	1570	1584	1569	1592	1538	1551	1594	1593	1597	1727	1844	1812	1591	1586	1524	1555	1535	1520	1588	1572	1639	1679	1718	1774	1523	1523	1537	1520	1688	1774	1734	1583	1618	1615	1674	1793	1666	1570	1739	1587	2023	1830	1783	1689	1581	1648	1862	1790	1577	1533	1549	1537	1419	1396	1390	1391	1382	1405	1864	1855	1529	1607	1532	1528	1404	1429	1432	1389	1367	1410	10212	10182	2532	2446	2015	2024	1611	1619	1666	1599	1674	1703	10226	10924	2787	2578	2210	1966	1763	1692	1821	1875	1883	1871
8:03:42	37.0	1844	1839	1602	1562	1558	1550	1483	1555	1577	1622	1602	1645	1825	1883	1544	1602	1590	1566	1533	1522	1512	1538	1630	1600	1793	1868	1535	1558	1593	1534	1707	1742	1739	1597	1551	1594	1795	1748	1621	1562	1770	1550	2030	1824	1780	1638	1599	1648	1870	1911	1504	1652	1603	1512	1415	1394	1412	1398	1396	1389	1866	1909	1584	1532	1604	1572	1454	1382	1367	1398	1421	1438	11105	10436	2407	2419	1969	1947	1559	1600	1644	1575	1624	1672	10671	11327	2844	2555	2204	1926	1766	1637	1814	1840	1804	1895
8:13:42	37.0	1857	1868	1583	1562	1574	1607	1539	1550	1573	1690	1632	1756	1802	1834	1528	1612	1567	1557	1560	1564	1579	1527	1650	1600	1886	1869	1512	1481	1536	1526	1783	1731	1758	1507	1541	1587	1796	1852	1648	1582	1748	1526	2097	1759	1763	1708	1540	1648	1887	1916	1582	1578	1601	1553	1415	1417	1368	1428	1432	1410	1900	1936	1565	1576	1580	1532	1403	1439	1395	1382	1385	1454	11277	11016	2402	2417	2022	1944	1602	1659	1606	1589	1572	1676	11371	12000	2740	2538	2183	1910	1717	1620	1807	1858	1892	1851
8:23:42	37.0	1897	1910	1583	1611	1586	1495	1533	1556	1575	1546	1615	1660	1874	1889	1530	1570	1566	1512	1583	1540	1512	1581	1685	1614	1826	1831	1455	1485	1535	1501	1735	1763	1732	1537	1533	1558	1864	1788	1678	1527	1764	1583	1997	1771	1772	1699	1558	1610	1923	1977	1551	1549	1599	1534	1400	1373	1393	1372	1423	1392	1981	1943	1535	1552	1537	1583	1447	1441	1368	1422	1402	1517	11788	11406	2378	2460	1940	1920	1647	1631	1570	1663	1571	1701	11257	12623	2705	2457	2193	1948	1758	1571	1824	1753	1809	1885
8:33:42	37.0	1840	1943	1557	1628	1604	1592	1589	1526	1536	1621	1596	1662	1899	1878	1552	1609	1537	1588	1582	1538	1558	1582	1584	1646	1848	1780	1536	1472	1477	1540	1729	1678	1707	1537	1547	1571	1933	1898	1587	1524	1695	1516	1931	1773	1730	1639	1598	1631	1905	1979	1514	1574	1556	1641	1432	1373	1344	1440	1344	1344	2016	1976	1551	1579	1579	1543	1398	1399	1330	1387	1382	1470	12332	11739	2298	2370	1891	1910	1577	1601	1571	1587	1627	1681	11894	12661	2702	2505	2189	1944	1697	1600	1774	1878	1859	1908
8:43:42	37.0	1917	2010	1545	1601	1525	1559	1583	1556	1522	1714	1643	1698	1985	1941	1612	1618	1522	1523	1579	1560	1530	1547	1605	1634	1932	1904	1439	1558	1485	1473	1692	1655	1665	1483	1563	1589	1919	1884	1707	1544	1757	1533	1982	1768	1716	1675	1533	1653	1967	1937	1566	1583	1597	1531	1333	1422	1391	1330	1377	1389	1980	2032	1521	1559	1586	1565	1445	1399	1344	1394	1333	1468	12609	12237	2362	2393	1928	1952	1524	1625	1582	1629	1632	1599	11926	13092	2655	2405	2189	1883	1747	1573	1785	1875	1807	1880
8:53:42	37.0	1928	2056	1613	1590	1564	1522	1554	1510	1558	1571	1579	1648	2049	2075	1553	1607	1507	1573	1515	1555	1555	1590	1654	1626	1905	1863	1482	1548	1505	1598	1736	1706	1715	1522	1552	1558	1955	1916	1598	1551	1775	1528	2034	1768	1795	1634	1505	1615	1971	1994	1605	1588	1585	1561	1353	1367	1418	1372	1375	1387	1942	1998	1504	1532	1569	1522	1412	1398	1393	1374	1413	1519	12967	12431	2434	2434	1857	1953	1535	1633	1596	1577	1625	1642	12277	13264	2704	2441	2177	1915	1730	1599	1828	1819	1826	1858
9:03:42	37.0	1993	2030	1583	1616	1548	1556	1467	1518	1558	1585	1633	1677	2075	1986	1593	1588	1554	1484	1557	1551	1556	1534	1634	1551	1965	2002	1508	1543	1503	1471	1705	1746	1725	1532	1498	1529	2076	1980	1718	1517	1742	1504	1956	1695	1703	1627	1488	1610	1976	2061	1558	1513	1580	1542	1392	1349	1403	1382	1381	1379	1999	2025	1539	1574	1596	1568	1348	1408	1445	1371	1452	1450	13091	12950	2211	2311	1897	1857	1568	1639	1576	1583	1572	1681	12313	13574	2716	2373	2162	1866	1706	1568	1782	1848	1786	1924
9:13:42	37.0	1997	2005	1578	1490	1540	1604	1564	1549	1546	1582	1582	1650	2075	2062	1507	1546	1560	1540	1524	1533	1513	1598	1566	1604	1950	1998	1479	1475	1540	1489	1732	1710	1747	1491	1520	1606	2059	1958	1597	1538	1696	1460	1924	1736	1818	1654	1573	1563	2025	2018	1540	1602	1624	1567	1403	1390	1340	1409	1417	1427	2113	2100	1551	1526	1577	1548	1366	1337	1394	1440	1408	1474	13329	12938	2256	2279	1874	1873	1523	1565	1587	1617	1534	1610	12607	14056	2605	2425	2070	1835	1698	1559	1794	1829	1790	1876
9:23:42	37.0	1993	2029	1566	1606	1535	1507	1512	1571	1561	1569	1559	1652	2017	2027	1493	1574	1539	1536	1527	1495	1484	1596	1561	1570	2002	2034	1468	1494	1500	1432	1648	1660	1710	1540	1537	1500	2078	2065	1682	1559	1747	1481	1913	1721	1709	1593	1527	1692	1986	2034	1555	1512	1547	1515	1402	1355	1385	1346	1374	1412	2004	2060	1551	1546	1537	1601	1352	1411	1372	1411	1426	1477	13195	13054	2265	2279	1887	1902	1529	1595	1596	1615	1603	1604	12687	13963	2598	2342	2220	1850	1695	1607	1802	1827	1835	1852
9:33:42	37.0	2019	2117	1634	1539	1498	1528	1554	1546	1528	1575	1546	1688	2086	2193	1554	1531	1616	1492	1480	1501	1471	1549	1616	1616	2083	2009	1487	1531	1479	1474	1648	1694	1683	1526	1492	1589	2059	2036	1589	1570	1678	1511	1915	1695	1693	1604	1519	1598	2011	2051	1470	1491	1569	1551	1360	1411	1399	1375	1378	1410	2116	2072	1557	1528	1541	1555	1379	1344	1365	1368	1370	1441	13345	13212	2221	2327	1901	1872	1572	1533	1543	1585	1548	1655	12656	13930	2662	2326	2185	1918	1697	1621	1740	1841	1781	1874
9:43:42	37.0	2038	2088	1543	1526	1553	1577	1395	1543	1539	1540	1588	1672	2104	2206	1524	1528	1625	1515	1473	1500	1503	1477	1574	1578	2051	2068	1521	1530	1415	1499	1659	1697	1710	1456	1514	1548	2195	2054	1561	1530	1676	1480	1951	1697	1683	1592	1496	1592	2072	2069	1567	1589	1581	1524	1387	1403	1365	1400	1395	1398	2139	2041	1538	1497	1573	1586	1346	1400	1380	1353	1345	1416	13406	13116	2184	2286	1870	1866	1538	1574	1570	1538	1538	1593	12742	14103	2610	2343	2117	1878	1634	1603	1757	1763	1768	1920
9:53:42	37.0	2133	2139	1583	1526	1537	1577	1472	1483	1525	1590	1545	1631	2059	2112	1536	1497	1509	1522	1481	1507	1512	1502	1579	1571	2107	2186	1549	1487	1547	1471	1660	1665	1650	1483	1477	1566	2182	2114	1599	1467	1699	1482	1886	1654	1743	1634	1481	1545	2015	2060	1532	1520	1622	1494	1386	1408	1342	1366	1397	1411	2093	2083	1562	1606	1553	1527	1371	1425	1401	1357	1375	1421	13116	12665	2266	2200	1884	1856	1538	1532	1519	1574	1546	1599	12939	13803	2540	2285	2175	1868	1636	1580	1767	1872	1857	1949
10:03:42	37.0	2037	2165	1567	1597	1530	1520	1495	1465	1488	1594	1559	1646	2112	2189	1491	1490	1495	1541	1546	1441	1484	1537	1590	1589	2161	2181	1473	1484	1450	1478	1684	1682	1647	1504	1484	1520	2209	2157	1553	1538	1702	1459	1921	1690	1688	1552	1515	1515	1955	2037	1522	1539	1513	1505	1342	1288	1298	1335	1318	1359	2088	2101	1529	1522	1532	1499	1360	1366	1397	1373	1450	1456	12893	13137	2186	2186	1848	1839	1565	1541	1572	1555	1551	1615	12730	13906	2544	2280	2161	1829	1658	1512	1727	1729	1801	1920
10:13:42	37.0	2208	2201	1522	1580	1540	1581	1455	1502	1505	1527	1546	1633	2216	2107	1506	1551	1520	1495	1485	1483	1443	1505	1559	1575	2163	2199	1468	1494	1492	1435	1626	1672	1701	1481	1463	1541	2238	2172	1639	1571	1714	1539	1877	1730	1730	1601	1420	1507	2029	2099	1502	1508	1527	1554	1361	1408	1371	1351	1360	1374	2035	2094	1512	1537	1572	1494	1343	1381	1373	1351	1348	1412	13075	12987	2189	2235	1817	1859	1574	1559	1583	1606	1517	1626	12349	13695	2460	2349	2174	1878	1616	1671	1786	1818	1797	1971
10:23:42	37.0	2064	2258	1493	1497	1460	1574	1440	1466	1518	1560	1561	1668	2145	2188	1533	1570	1574	1537	1532	1481	1502	1489	1535	1549	2156	2229	1479	1491	1484	1506	1691	1620	1645	1457	1477	1521	2387	2243	1620	1484	1748	1443	1939	1677	1645	1545	1544	1548	1952	2012	1544	1568	1610	1460	1426	1369	1354	1386	1339	1383	2043	2086	1506	1561	1528	1587	1374	1413	1364	1319	1325	1475	12773	12627	2228	2183	1784	1827	1542	1569	1549	1498	1567	1588	12432	13597	2536	2326	2111	1899	1722	1587	1779	1725	1778	1930
10:33:42	37.0	2149	2242	1498	1505	1520	1603	1435	1456	1513	1484	1535	1666	2160	2264	1500	1483	1508	1560	1466	1522	1476	1478	1541	1591	2211	2211	1409	1449	1443	1475	1724	1624	1626	1459	1454	1523	2412	2301	1529	1492	1713	1423	1927	1657	1661	1603	1467	1551	1905	2041	1585	1547	1578	1498	1360	1401	1368	1326	1384	1327	2075	2066	1582	1542	1587	1496	1376	1312	1348	1362	1447	1437	12863	12740	2193	2280	1770	1832	1551	1569	1572	1539	1536	1635	12087	13387	2466	2252	2136	1857	1678	1571	1805	1769	1786	1927
10:43:42	37.0	2183	2281	1541	1528	1478	1452	1490	1460	1504	1561	1570	1602	2215	2166	1535	1513	1450	1484	1542	1407	1532	1503	1524	1500	2239	2273	1364	1509	1422	1436	1667	1674	1691	1457	1449	1529	2335	2268	1622	1487	1649	1487	1902	1609	1624	1598	1478	1632	1955	2055	1476	1469	1525	1476	1400	1384	1366	1337	1383	1321	2047	2073	1440	1503	1503	1482	1405	1348	1360	1408	1346	1414	12562	12619	2152	2241	1793	1786	1481	1581	1547	1558	1614	1689	12234	13150	2491	2303	2092	1792	1678	1587	1743	1809	1823	1949
10:53:42	37.0	2216	2136	1548	1565	1495	1543	1457	1458	1508	1527	1516	1558	2248	2241	1536	1529	1450	1490	1478	1486	1425	1447	1505	1471	2296	2226	1448	1446	1483	1502	1682	1667	1690	1443	1460	1595	2419	2315	1530	1500	1634	1486	1917	1643	1722	1523	1471	1521	1947	1991	1494	1573	1533	1492	1343	1396	1334	1324	1325	1371	2051	2087	1532	1550	1539	1504	1362	1378	1410	1392	1325	1389	12379	12241	2182	2207	1872	1819	1477	1597	1618	1516	1588	1597	11621	13017	2484	2355	2196	1817	1737	1604	1751	1870	1762	1961
11:03:42	37.0	2169	2336	1525	1511	1518	1501	1458	1507	1465	1537	1491	1588	2201	2149	1540	1533	1486	1458	1534	1442	1479	1445	1554	1496	2270	2320	1493	1433	1517	1497	1617	1680	1721	1530	1435	1522	2464	2274	1583	1493	1649	1488	1889	1682	1696	1510	1409	1555	2002	2026	1502	1481	1493	1506	1370	1341	1341	1325	1318	1328	2092	1997	1545	1519	1532	1472	1347	1324	1391	1401	1406	1416	12310	12006	2206	2222	1804	1747	1520	1559	1594	1579	1573	1521	11387	12786	2485	2371	2165	1839	1692	1611	1704	1804	1800	1955
11:13:42	37.0	2192	2257	1505	1497	1516	1533	1464	1460	1450	1500	1501	1511	2185	2221	1523	1505	1483	1485	1477	1415	1439	1507	1571	1482	2279	2281	1419	1446	1501	1472	1551	1640	1646	1427	1401	1548	2491	2336	1559	1495	1629	1436	1904	1708	1716	1531	1479	1535	1953	2046	1455	1518	1506	1489	1401	1389	1295	1328	1359	1369	2090	2113	1463	1526	1525	1424	1349	1419	1299	1383	1344	1401	11774	11703	2097	2243	1813	1862	1533	1581	1635	1530	1616	1648	11001	12629	2426	2398	2144	1791	1664	1615	1685	1827	1816	1876
11:23:42	37.0	2222	2403	1509	1480	1477	1501	1494	1472	1469	1522	1501	1603	2166	2240	1517	1485	1470	1426	1477	1448	1479	1498	1539	1513	2365	2355	1453	1467	1459	1420	1646	1585	1666	1431	1443	1485	2526	2351	1554	1489	1625	1432	1877	1624	1716	1523	1494	1547	1962	1987	1393	1490	1508	1451	1364	1341	1351	1347	1351	1324	2046	2130	1471	1478	1487	1499	1362	1311	1340	1371	1361	1418	11820	11763	2121	2249	1780	1877	1538	1554	1620	1514	1594	1619	11058	12443	2372	2338	2071	1802	1658	1600	1745	1775	1767	1952
11:33:42	37.0	2196	2272	1525	1455	1431	1447	1456	1488	1467	1508	1471	1610	2169	2273	1471	1461	1509	1460	1485	1445	1491	1422	1486	1509	2354	2414	1420	1446	1406	1404	1631	1660	1606	1473	1437	1512	2563	2328	1532	1511	1693	1424	1849	1701	1674	1523	1447	1462	1910	2045	1509	1515	1544	1479	1389	1370	1316	1328	1356	1417	2054	2065	1451	1477	1522	1515	1317	1315	1302	1352	1407	1429	11450	11556	2165	2233	1791	1865	1517	1522	1535	1553	1566	1613	10784	12188	2478	2346	2049	1799	1690	1615	1827	1862	1740	1912
11:43:42	37.0	2204	2349	1504	1507	1522	1488	1459	1428	1481	1465	1497	1568	2285	2272	1463	1519	1467	1458	1405	1428	1459	1420	1477	1509	2344	2427	1393	1470	1386	1483	1601	1656	1640	1440	1450	1557	2569	2347	1587	1483	1600	1417	1889	1669	1676	1535	1483	1511	1974	2024	1445	1545	1551	1502	1373	1308	1368	1302	1341	1359	2006	2103	1502	1523	1564	1512	1374	1375	1351	1319	1288	1408	11550	11363	2159	2188	1791	1832	1533	1558	1548	1429	1578	1654	10237	11817	2355	2218	2123	1829	1705	1623	1712	1822	1850	1910
11:53:42	37.0	2177	2342	1405	1495	1447	1504	1432	1432	1475	1493	1466	1561	2203	2231	1547	1447	1439	1490	1465	1480	1424	1471	1492	1486	2352	2357	1459	1435	1491	1445	1620	1667	1659	1469	1478	1509	2615	2405	1547	1497	1639	1521	1940	1659	1598	1528	1387	1503	1941	2077	1478	1521	1466	1507	1410	1360	1338	1348	1331	1381	1978	2053	1482	1558	1459	1527	1305	1329	1361	1346	1346	1405	11541	11236	2153	2271	1810	1783	1529	1583	1590	1590	1568	1630	9964	11608	2382	2373	2116	1806	1694	1653	1742	1827	1791	1846
12:03:42	37.0	2262	2289	1516	1481	1452	1609	1434	1450	1448	1506	1497	1558	2240	2192	1462	1467	1497	1482	1450	1431	1405	1448	1449	1484	2338	2327	1356	1445	1419	1392	1632	1611	1701	1383	1486	1534	2697	2353	1567	1488	1601	1433	1847	1662	1702	1515	1456	1567	1971	1972	1420	1486	1514	1489	1341	1290	1381	1338	1366	1336	2057	2002	1495	1463	1533	1481	1365	1387	1358	1338	1394	1327	11131	11164	2207	2209	1863	1777	1546	1579	1581	1544	1557	1671	9903	11507	2465	2317	2105	1843	1833	1673	1734	1784	1788	1891
12:13:42	37.0	2273	2309	1566	1478	1425	1485	1424	1436	1450	1446	1478	1604	2170	2209	1470	1440	1421	1489	1471	1421	1459	1458	1574	1499	2323	2419	1445	1414	1451	1429	1674	1669	1627	1410	1421	1481	2680	2509	1531	1482	1621	1470	1843	1698	1708	1554	1436	1458	1931	2035	1465	1499	1481	1538	1346	1342	1279	1312	1279	1403	1929	1967	1537	1508	1483	1524	1302	1308	1378	1361	1338	1386	11043	10866	2127	2236	1832	1851	1586	1609	1577	1508	1594	1649	9582	11456	2468	2354	2156	1783	1734	1659	1684	1824	1785	1995
12:23:42	37.0	2261	2321	1489	1483	1422	1469	1434	1379	1438	1467	1460	1560	2211	2273	1462	1510	1519	1449	1454	1441	1426	1444	1496	1531	2358	2361	1413	1406	1462	1433	1620	1597	1629	1457	1470	1438	2792	2504	1505	1475	1627	1456	1883	1685	1653	1541	1460	1471	1900	1948	1452	1506	1492	1473	1337	1292	1350	1362	1341	1407	2007	1952	1442	1471	1510	1503	1350	1390	1325	1332	1374	1407	10948	10992	2225	2236	1791	1853	1569	1571	1596	1581	1528	1577	9210	11415	2387	2335	2084	1820	1631	1662	1795	1823	1869	1999
12:33:42	37.0	2340	2332	1489	1458	1458	1459	1451	1449	1508	1496	1487	1568	2208	2201	1391	1475	1446	1471	1405	1416	1413	1413	1534	1480	2396	2385	1366	1422	1438	1405	1622	1692	1695	1390	1408	1505	2827	2514	1568	1410	1540	1454	1811	1714	1671	1520	1435	1491	1937	1962	1439	1511	1583	1439	1357	1407	1361	1293	1353	1375	2004	2005	1465	1481	1537	1445	1333	1351	1342	1326	1356	1382	10985	10760	2190	2298	1820	1765	1531	1597	1605	1589	1490	1675	9085	11035	2387	2308	2028	1850	1660	1639	1738	1830	1830	1965
12:43:42	37.0	2231	2237	1495	1432	1478	1437	1449	1453	1418	1490	1484	1516	2208	2228	1435	1447	1427	1432	1352	1468	1447	1410	1478	1489	2411	2404	1403	1446	1379	1309	1606	1615	1681	1464	1425	1489	2825	2401	1544	1463	1677	1422	1844	1672	1652	1492	1469	1491	1922	1926	1485	1513	1498	1492	1374	1333	1368	1329	1291	1349	1947	2071	1469	1498	1538	1446	1330	1366	1369	1385	1366	1364	10784	10568	2154	2238	1807	1807	1553	1585	1551	1572	1594	1613	8842	11073	2409	2308	2100	1809	1758	1650	1701	1825	1903	1903
12:53:42	37.0	2199	2298	1469	1498	1423	1520	1408	1416	1494	1476	1442	1545	2200	2313	1452	1481	1442	1432	1455	1407	1395	1410	1440	1467	2429	2410	1443	1409	1419	1422	1649	1594	1683	1415	1395	1494	2789	2413	1564	1426	1583	1433	1911	1704	1674	1540	1477	1544	1918	1910	1514	1515	1521	1528	1328	1307	1325	1349	1349	1344	2065	2037	1422	1518	1544	1480	1393	1312	1310	1364	1377	1374	10645	10609	2084	2232	1845	1825	1575	1615	1532	1518	1594	1679	8749	10771	2385	2367	2144	1867	1727	1603	1777	1791	1757	1859
13:03:42	37.0	2232	2280	1445	1461	1494	1519	1415	1436	1444	1487	1460	1588	2214	2292	1424	1525	1431	1459	1422	1436	1430	1428	1451	1490	2344	2460	1382	1437	1420	1396	1666	1665	1671	1408	1416	1503	2867	2515	1534	1439	1605	1457	1853	1709	1678	1509	1482	1506	1903	1946	1468	1525	1513	1500	1329	1308	1335	1316	1307	1370	1933	1970	1495	1410	1482	1423	1339	1312	1302	1325	1323	1387	10477	10515	2215	2254	1785	1824	1541	1641	1606	1568	1561	1621	8645	10834	2411	2344	2067	1812	1676	1603	1761	1800	1802	1937
13:13:42	37.0	2237	2356	1503	1419	1427	1384	1396	1453	1377	1489	1523	1531	2223	2197	1410	1465	1473	1415	1466	1354	1443	1520	1438	1532	2343	2440	1389	1408	1345	1406	1645	1620	1661	1427	1469	1502	2816	2471	1528	1451	1651	1368	1878	1623	1614	1530	1448	1591	1947	1875	1439	1454	1498	1472	1334	1383	1361	1330	1366	1383	1952	2027	1466	1478	1437	1479	1377	1349	1323	1290	1373	1426	10697	10532	2212	2281	1903	1846	1593	1635	1641	1551	1571	1679	8469	10838	2377	2369	2057	1861	1709	1605	1765	1868	1856	1947
13:23:42	37.0	2196	2336	1425	1477	1456	1459	1438	1393	1406	1490	1506	1551	2210	2185	1476	1508	1380	1446	1428	1449	1433	1426	1464	1549	2369	2460	1465	1456	1445	1392	1536	1697	1679	1431	1433	1489	2847	2526	1558	1473	1561	1434	1891	1674	1651	1532	1436	1507	1936	1982	1409	1488	1545	1442	1300	1363	1324	1383	1370	1365	2049	1948	1425	1463	1523	1486	1384	1313	1311	1292	1391	1400	10539	10490	2195	2274	1796	1814	1554	1585	1631	1612	1564	1626	8291	10739	2376	2354	2132	1789	1701	1654	1765	1876	1852	1992
13:33:42	37.0	2319	2355	1505	1417	1412	1441	1411	1474	1443	1430	1466	1551	2124	2264	1479	1459	1451	1445	1415	1415	1438	1419	1460	1510	2266	2372	1409	1441	1385	1430	1596	1631	1611	1367	1458	1503	2856	2527	1616	1469	1620	1438	1791	1664	1608	1573	1460	1473	1884	1971	1397	1493	1527	1515	1356	1333	1372	1344	1357	1329	1987	1951	1446	1479	1426	1400	1384	1360	1305	1347	1370	1391	10720	10409	2163	2279	1753	1810	1562	1565	1646	1540	1583	1664	8222	11005	2432	2350	2069	1815	1726	1669	1731	1835	1846	1934
13:43:42	37.0	2261	2309	1443	1447	1466	1476	1400	1431	1498	1423	1475	1613	2160	2182	1366	1466	1405	1378	1414	1405	1369	1358	1445	1465	2336	2428	1390	1420	1437	1400	1641	1600	1711	1446	1424	1530	2867	2446	1548	1401	1603	1399	1823	1635	1642	1517	1436	1534	1828	1920	1437	1430	1482	1423	1325	1279	1321	1277	1311	1352	1955	1990	1416	1449	1510	1461	1321	1289	1305	1344	1312	1425	10673	10682	2177	2279	1869	1917	1600	1635	1602	1573	1573	1627	8244	11020	2340	2316	2080	1818	1709	1693	1732	1900	1858	1933
13:53:42	37.0	2263	2300	1401	1491	1440	1495	1399	1388	1476	1432	1464	1594	2151	2296	1456	1394	1400	1446	1435	1419	1430	1444	1452	1513	2307	2525	1410	1389	1427	1386	1619	1649	1705	1427	1404	1548	2817	2517	1505	1463	1585	1419	1854	1657	1661	1517	1426	1493	1881	1911	1412	1492	1532	1462	1340	1364	1294	1278	1338	1370	2056	1960	1424	1484	1442	1408	1352	1375	1324	1366	1334	1383	10679	10443	2129	2246	1860	1832	1562	1654	1625	1659	1586	1644	8162	11141	2320	2344	2068	1816	1718	1669	1734	1799	1844	1925
14:03:42	37.0	2246	2410	1453	1431	1419	1462	1401	1431	1519	1485	1444	1562	2127	2221	1451	1438	1437	1496	1445	1361	1345	1437	1468	1528	2343	2369	1389	1443	1361	1377	1676	1609	1704	1471	1405	1503	2882	2456	1567	1448	1581	1400	1826	1678	1681	1541	1382	1476	1875	1925	1442	1500	1460	1457	1357	1365	1315	1271	1300	1344	1988	2007	1478	1456	1476	1429	1356	1340	1328	1324	1334	1445	11012	10568	2226	2308	1828	1803	1552	1587	1668	1557	1564	1692	8107	11080	2385	2348	1992	1794	1784	1655	1743	1773	1866	1902
14:13:42	37.0	2255	2310	1416	1406	1415	1431	1435	1365	1482	1477	1412	1513	2113	2178	1416	1417	1531	1440	1424	1410	1390	1433	1462	1424	2346	2387	1415	1404	1342	1380	1661	1712	1708	1494	1415	1490	2879	2506	1517	1440	1597	1371	1904	1671	1654	1515	1380	1512	1865	1966	1390	1483	1488	1500	1349	1332	1338	1354	1365	1301	1985	1937	1428	1458	1451	1445	1300	1317	1333	1343	1345	1379	10884	10533	2217	2302	1775	1829	1580	1624	1640	1543	1572	1581	7937	10993	2351	2313	2102	1928	1669	1716	1755	1799	1836	1922
14:23:42	37.0	2292	2337	1487	1441	1409	1464	1407	1430	1434	1488	1388	1565	2240	2269	1405	1478	1398	1433	1377	1424	1442	1371	1407	1457	2372	2392	1365	1387	1367	1386	1633	1556	1689	1417	1374	1542	2795	2560	1562	1442	1598	1454	1814	1693	1631	1483	1408	1495	1832	1948	1407	1495	1520	1445	1311	1349	1331	1319	1303	1398	1859	1937	1449	1515	1440	1411	1337	1346	1329	1277	1343	1359	10924	11029	2197	2322	1809	1825	1601	1586	1571	1609	1626	1662	7913	11224	2353	2399	1976	1819	1736	1658	1774	1783	1841	1912
14:33:42	37.0	2255	2279	1464	1404	1404	1477	1355	1421	1461	1434	1453	1595	2163	2211	1419	1372	1390	1383	1403	1394	1416	1457	1454	1516	2315	2385	1378	1389	1413	1373	1667	1651	1659	1465	1418	1461	2743	2445	1569	1424	1561	1422	1802	1679	1731	1491	1448	1475	1901	1905	1411	1482	1514	1490	1382	1352	1341	1339	1357	1354	1889	1897	1461	1423	1496	1436	1383	1330	1319	1388	1378	1372	10957	10637	2206	2289	1832	1845	1533	1591	1612	1560	1599	1626	7641	11249	2305	2353	2069	1942	1725	1660	1673	1857	1893	1933
14:43:42	37.0	2240	2316	1488	1409	1398	1428	1408	1455	1385	1459	1404	1542	2147	2199	1396	1406	1460	1399	1426	1374	1424	1411	1419	1556	2361	2323	1408	1408	1387	1348	1650	1638	1659	1478	1407	1535	2839	2436	1497	1420	1621	1423	1846	1676	1685	1471	1424	1440	1845	1913	1430	1443	1442	1406	1278	1300	1305	1319	1321	1364	1920	1865	1405	1426	1470	1429	1283	1299	1288	1275	1317	1409	11143	10853	2202	2306	1790	1866	1539	1632	1581	1580	1607	1625	7644	11124	2274	2373	2018	1863	1743	1633	1690	1890	1808	1926
14:53:42	37.0	2289	2250	1447	1395	1395	1423	1409	1381	1449	1392	1422	1524	2142	2191	1401	1405	1484	1452	1376	1391	1402	1367	1405	1494	2328	2372	1376	1399	1374	1394	1615	1687	1664	1464	1430	1539	2756	2445	1578	1372	1629	1394	1802	1689	1744	1483	1437	1495	1817	1875	1416	1470	1441	1425	1328	1379	1355	1358	1394	1322	1885	1961	1406	1414	1456	1427	1362	1376	1336	1300	1303	1363	10991	11073	2156	2289	1782	1771	1590	1624	1556	1592	1567	1711	7442	10995	2309	2349	1972	1887	1711	1697	1741	1858	1864	1874
15:03:42	37.0	2266	2188	1445	1413	1420	1472	1480	1427	1454	1496	1449	1520	2102	2242	1395	1397	1386	1441	1432	1381	1428	1400	1453	1532	2395	2393	1381	1463	1430	1381	1692	1662	1680	1361	1390	1493	2838	2400	1568	1410	1537	1442	1813	1733	1685	1557	1432	1525	1801	1860	1407	1444	1471	1402	1363	1341	1296	1303	1320	1320	1866	1881	1373	1390	1491	1420	1377	1290	1289	1320	1304	1379	11077	10748	2184	2250	1749	1839	1586	1612	1598	1576	1598	1745	7380	10946	2264	2458	1951	1933	1707	1665	1705	1907	1850	1882
15:13:42	37.0	2209	2289	1402	1452	1424	1398	1386	1458	1468	1461	1419	1542	2141	2187	1375	1363	1462	1439	1379	1417	1409	1359	1445	1467	2359	2364	1329	1372	1391	1426	1572	1698	1630	1430	1445	1523	2831	2433	1625	1454	1553	1450	1837	1722	1706	1519	1416	1520	1855	1863	1353	1380	1524	1414	1339	1381	1357	1323	1333	1364	1887	1907	1413	1447	1457	1446	1292	1348	1331	1294	1356	1423	11206	11073	2219	2275	1863	1754	1657	1689	1638	1559	1574	1684	7598	10909	2282	2372	2012	1896	1694	1658	1778	1856	1848	1883
15:23:42	37.0	2130	2203	1384	1373	1401	1409	1435	1433	1439	1479	1410	1518	2138	2225	1427	1414	1396	1379	1378	1387	1398	1394	1493	1492	2323	2496	1434	1394	1375	1375	1652	1655	1715	1477	1441	1464	2773	2451	1557	1444	1542	1406	1862	1695	1742	1511	1393	1510	1750	1790	1458	1506	1481	1451	1304	1319	1256	1308	1354	1337	1898	1855	1445	1489	1459	1469	1267	1377	1358	1307	1322	1413	11051	11033	2161	2342	1811	1878	1619	1630	1680	1594	1694	1663	7352	10918	2314	2355	2054	1858	1690	1656	1794	1852	1824	1895
15:33:42	37.0	2250	2219	1401	1418	1411	1461	1384	1405	1450	1436	1408	1541	2116	2214	1426	1460	1385	1409	1357	1410	1360	1423	1410	1510	2286	2299	1372	1418	1367	1339	1603	1659	1692	1418	1445	1524	2841	2361	1548	1486	1599	1415	1843	1691	1706	1532	1437	1511	1850	1856	1435	1460	1486	1451	1324	1352	1362	1304	1398	1370	1904	1821	1366	1480	1453	1448	1293	1335	1349	1354	1388	1425	11530	10955	2153	2282	1883	1864	1570	1619	1689	1575	1559	1716	7338	11218	2256	2371	1970	1889	1735	1674	1700	1753	1870	1923
15:43:42	37.0	2123	2218	1440	1473	1454	1526	1445	1426	1373	1452	1411	1475	2097	2169	1403	1475	1456	1386	1369	1397	1387	1426	1389	1453	2298	2298	1402	1398	1332	1354	1659	1633	1713	1424	1387	1479	2795	2361	1557	1468	1584	1402	1779	1646	1710	1495	1468	1477	1870	1841	1353	1432	1527	1460	1334	1352	1320	1370	1330	1368	1847	1876	1430	1358	1472	1438	1403	1332	1332	1333	1372	1453	11297	11003	2271	2299	1838	1803	1581	1636	1643	1629	1636	1672	7171	10860	2299	2326	2039	1874	1708	1676	1677	1905	1895	1932
15:53:42	37.0	2261	2253	1467	1417	1455	1466	1412	1447	1422	1363	1442	1513	2042	2078	1392	1402	1443	1438	1400	1397	1392	1411	1415	1499	2248	2254	1397	1418	1427	1439	1621	1599	1670	1442	1408	1507	2749	2394	1550	1466	1582	1370	1794	1671	1729	1552	1404	1525	1829	1859	1429	1466	1458	1413	1271	1327	1317	1273	1379	1315	1837	1921	1495	1402	1465	1376	1327	1309	1308	1342	1300	1431	11550	11347	2208	2247	1825	1805	1565	1593	1641	1604	1624	1670	7181	10938	2212	2378	2032	1872	1759	1688	1748	1817	1844	1871
16:03:42	37.0	2194	2191	1446	1395	1447	1435	1389	1415	1443	1436	1421	1560	2065	2081	1378	1369	1412	1403	1398	1430	1375	1387	1406	1480	2274	2326	1302	1385	1383	1398	1653	1693	1671	1409	1465	1541	2757	2409	1512	1408	1553	1448	1832	1691	1705	1493	1427	1528	1788	1774	1391	1489	1480	1394	1276	1334	1335	1341	1315	1407	1879	1919	1393	1431	1481	1392	1355	1276	1410	1237	1348	1432	11497	11146	2213	2336	1777	1795	1608	1612	1647	1558	1654	1741	6983	10947	2231	2363	1981	1872	1735	1683	1710	1965	1832	1878
16:13:42	37.0	2220	2159	1438	1377	1374	1459	1411	1415	1452	1454	1426	1598	2101	2081	1385	1435	1411	1383	1352	1395	1453	1324	1446	1492	2269	2314	1398	1402	1364	1363	1639	1644	1654	1449	1450	1600	2764	2383	1573	1430	1552	1382	1762	1742	1698	1497	1431	1550	1817	1788	1393	1483	1483	1435	1303	1350	1302	1263	1333	1378	1872	1862	1452	1437	1417	1438	1356	1344	1282	1362	1303	1450	11508	11096	2223	2312	1819	1786	1640	1673	1628	1557	1632	1713	7122	11147	2298	2376	2018	1931	1691	1717	1737	1883	1856	1903
16:23:42	37.0	2211	2124	1424	1397	1401	1444	1397	1383	1440	1440	1436	1549	2039	2184	1403	1426	1428	1416	1345	1419	1373	1397	1460	1533	2285	2274	1409	1386	1416	1381	1677	1650	1731	1448	1416	1540	2713	2378	1506	1413	1587	1412	1796	1674	1691	1492	1469	1563	1769	1848	1395	1474	1492	1429	1332	1320	1307	1373	1323	1346	1881	1939	1448	1466	1456	1447	1295	1325	1298	1316	1336	1429	11471	11144	2219	2269	1862	1846	1610	1564	1644	1598	1642	1682	6816	11077	2261	2361	1988	1898	1666	1667	1739	1899	1870	1920
16:33:42	37.0	2226	2231	1395	1380	1381	1459	1437	1429	1369	1425	1437	1511	2082	2078	1462	1401	1425	1367	1463	1387	1351	1344	1453	1525	2283	2274	1383	1426	1377	1379	1621	1648	1727	1505	1432	1621	2705	2310	1532	1415	1625	1392	1729	1762	1715	1491	1397	1476	1751	1787	1360	1452	1485	1387	1265	1344	1354	1335	1313	1370	1855	1865	1382	1447	1443	1380	1348	1337	1335	1320	1329	1390	11540	11247	2348	2300	1812	1806	1615	1632	1640	1696	1619	1667	6916	10974	2267	2289	1954	1913	1663	1653	1717	1871	1822	1905
16:43:42	37.0	2127	2175	1396	1386	1376	1424	1438	1423	1387	1455	1431	1611	2086	2081	1414	1402	1490	1404	1423	1412	1363	1382	1442	1527	2267	2260	1368	1419	1508	1412	1672	1708	1664	1459	1405	1563	2797	2414	1551	1479	1597	1394	1801	1716	1720	1564	1451	1506	1778	1849	1368	1453	1412	1450	1375	1262	1323	1281	1329	1373	1819	1922	1365	1452	1413	1413	1329	1395	1310	1298	1338	1392	11612	11145	2206	2259	1816	1918	1675	1627	1649	1665	1621	1660	6753	10980	2309	2386	1981	1880	1681	1712	1705	1906	1768	1876
16:53:42	37.0	2227	2108	1421	1410	1372	1468	1417	1403	1386	1418	1376	1534	1988	2071	1380	1380	1378	1382	1411	1437	1348	1409	1453	1514	2242	2265	1409	1415	1380	1363	1621	1686	1699	1410	1402	1535	2649	2326	1541	1365	1591	1354	1769	1739	1721	1478	1425	1543	1796	1818	1371	1521	1462	1437	1306	1327	1326	1312	1336	1352	1842	1897	1417	1445	1429	1443	1344	1361	1377	1336	1303	1445	11679	11274	2172	2246	1747	1877	1587	1605	1650	1627	1621	1661	6605	11104	2268	2469	2003	1866	1722	1758	1756	1882	1790	1921
17:03:42	37.0	2102	2164	1442	1356	1400	1460	1366	1408	1417	1461	1466	1544	2087	2111	1405	1400	1415	1479	1369	1356	1367	1374	1379	1465	2258	2336	1376	1390	1451	1444	1645	1668	1706	1457	1477	1515	2644	2430	1555	1427	1600	1383	1850	1712	1701	1558	1424	1579	1704	1856	1391	1450	1506	1422	1292	1357	1263	1315	1339	1318	1816	1899	1408	1375	1448	1388	1365	1333	1305	1349	1277	1427	11718	11402	2213	2395	1800	1894	1561	1601	1578	1639	1658	1725	6633	11145	2231	2302	2046	1906	1702	1655	1740	1870	1850	1940
17:13:42	37.0	2125	2138	1420	1377	1398	1456	1413	1417	1402	1411	1356	1552	2061	2083	1372	1411	1395	1414	1365	1346	1370	1394	1383	1490	2202	2280	1423	1363	1422	1374	1659	1624	1732	1431	1409	1576	2694	2315	1566	1467	1650	1368	1747	1728	1739	1546	1428	1567	1751	1785	1385	1475	1445	1423	1387	1352	1319	1326	1336	1283	1832	1921	1374	1432	1443	1383	1365	1315	1349	1272	1307	1402	11884	11319	2202	2290	1833	1808	1629	1589	1664	1593	1658	1662	6587	11023	2202	2313	1948	1890	1714	1620	1740	1947	1828	1886
17:23:42	37.0	2082	2143	1415	1393	1451	1433	1439	1382	1367	1461	1409	1536	1989	2081	1346	1375	1381	1425	1368	1426	1415	1380	1421	1531	2221	2221	1434	1397	1419	1404	1663	1711	1686	1411	1464	1542	2680	2287	1510	1427	1581	1378	1773	1737	1720	1523	1468	1541	1725	1786	1355	1465	1488	1440	1375	1258	1314	1323	1344	1382	1850	1835	1452	1447	1414	1376	1311	1330	1331	1266	1301	1376	11718	11231	2271	2251	1809	1884	1586	1710	1610	1683	1616	1709	6691	11117	2243	2394	2016	1863	1737	1691	1740	1867	1860	1913
17:33:42	37.0	2088	2171	1422	1423	1391	1452	1409	1368	1431	1391	1435	1576	2015	2161	1360	1393	1434	1415	1355	1437	1340	1362	1443	1587	2209	2262	1356	1416	1412	1404	1649	1657	1665	1424	1431	1569	2704	2290	1553	1445	1596	1402	1733	1736	1636	1497	1446	1523	1752	1793	1371	1446	1500	1417	1298	1257	1295	1358	1351	1391	1817	1844	1445	1420	1470	1423	1305	1327	1312	1347	1306	1418	11999	11682	2261	2284	1795	1904	1668	1644	1653	1597	1665	1735	6434	10945	2244	2347	2003	1942	1716	1704	1771	1876	1848	1888
17:43:42	37.0	2129	2134	1367	1375	1399	1382	1389	1428	1443	1415	1376	1563	2046	2050	1379	1419	1404	1370	1331	1433	1430	1319	1437	1487	2157	2235	1416	1424	1375	1403	1701	1681	1722	1489	1450	1575	2631	2243	1500	1449	1657	1410	1785	1687	1738	1586	1460	1532	1756	1751	1385	1480	1482	1428	1367	1290	1335	1328	1330	1405	1834	1854	1440	1466	1502	1391	1350	1306	1330	1297	1303	1416	11881	11635	2276	2324	1886	1900	1658	1643	1661	1683	1691	1659	6466	10729	2241	2316	2008	1951	1689	1712	1768	1903	1875	1836
17:53:42	37.0	2078	2099	1381	1421	1387	1462	1358	1394	1476	1437	1442	1582	2006	2101	1373	1436	1435	1387	1381	1401	1417	1391	1421	1544	2237	2287	1419	1421	1393	1418	1731	1672	1745	1484	1539	1576	2678	2306	1574	1447	1660	1379	1763	1680	1726	1543	1406	1556	1735	1856	1345	1461	1452	1411	1338	1284	1286	1337	1313	1404	1834	1879	1435	1394	1478	1384	1350	1366	1303	1307	1293	1431	11664	11513	2199	2282	1853	1969	1600	1705	1721	1652	1624	1712	6414	10852	2175	2417	1927	1895	1699	1734	1724	1913	1863	1919
18:03:42	37.0	2172	2160	1358	1432	1447	1408	1382	1440	1452	1469	1448	1607	1998	2030	1388	1428	1428	1441	1383	1409	1362	1361	1439	1519	2190	2207	1403	1426	1424	1372	1665	1719	1737	1538	1476	1569	2575	2349	1534	1474	1502	1431	1802	1691	1713	1569	1516	1631	1784	1775	1454	1443	1440	1341	1329	1332	1314	1352	1352	1356	1863	1820	1428	1415	1440	1381	1284	1345	1334	1327	1346	1389	11559	11825	2296	2367	1943	1868	1631	1625	1624	1595	1760	1621	6351	10739	2259	2339	1958	1946	1718	1696	1774	1913	1881	1911
18:13:42	37.0	2084	2090	1422	1386	1401	1497	1419	1447	1411	1453	1403	1628	1967	2047	1466	1430	1421	1323	1373	1345	1414	1430	1411	1533	2206	2181	1390	1444	1392	1397	1622	1696	1709	1452	1396	1564	2620	2320	1532	1459	1611	1459	1785	1724	1748	1498	1494	1525	1819	1831	1402	1468	1458	1407	1343	1319	1338	1363	1332	1358	1786	1872	1426	1428	1505	1365	1309	1360	1346	1358	1339	1430	11621	11722	2292	2331	1874	1884	1638	1669	1670	1676	1645	1691	6312	10665	2183	2392	1969	1950	1717	1719	1725	1859	1887	1881
18:23:42	37.0	2043	2107	1427	1381	1443	1442	1378	1410	1469	1464	1362	1528	2001	2052	1411	1393	1422	1442	1358	1423	1419	1378	1471	1570	2231	2215	1418	1463	1429	1364	1686	1723	1738	1493	1428	1591	2589	2356	1458	1448	1631	1381	1841	1760	1757	1486	1464	1608	1762	1806	1425	1454	1516	1447	1334	1351	1374	1316	1321	1401	1812	1840	1424	1429	1455	1357	1309	1283	1321	1329	1288	1422	12058	11333	2250	2310	1900	1926	1659	1612	1631	1655	1671	1693	6158	10567	2226	2423	2036	1944	1669	1683	1748	1864	1818	1854
18:33:42	37.0	2085	2100	1417	1396	1445	1462	1402	1371	1414	1398	1415	1595	1959	1975	1413	1398	1395	1444	1364	1389	1357	1409	1449	1519	2147	2197	1378	1476	1391	1389	1666	1705	1744	1452	1487	1605	2628	2286	1549	1409	1575	1368	1793	1703	1767	1501	1442	1590	1712	1771	1403	1438	1492	1372	1335	1340	1341	1268	1299	1355	1788	1848	1447	1431	1458	1451	1317	1359	1378	1338	1341	1404	11883	11662	2294	2305	1864	1834	1665	1644	1640	1645	1631	1681	6083	10472	2174	2353	1973	1907	1735	1700	1780	1907	1885	1896
18:43:42	37.0	2093	2132	1381	1425	1444	1453	1411	1399	1370	1438	1415	1610	2049	2120	1397	1434	1417	1346	1446	1411	1382	1370	1442	1526	2207	2200	1431	1391	1381	1434	1736	1681	1732	1512	1470	1578	2639	2218	1571	1429	1663	1416	1789	1750	1756	1498	1509	1604	1682	1836	1430	1453	1483	1412	1342	1383	1307	1362	1324	1334	1799	1843	1431	1360	1437	1424	1318	1363	1288	1324	1329	1461	11895	11781	2272	2364	1861	1859	1593	1600	1641	1685	1696	1768	6093	10534	2217	2387	2008	1981	1727	1788	1690	1824	1837	1863
18:53:42	37.0	2097	2072	1408	1436	1404	1447	1411	1453	1423	1467	1430	1601	1955	1998	1420	1402	1333	1384	1360	1413	1423	1396	1439	1567	2160	2234	1374	1373	1420	1380	1713	1728	1783	1510	1424	1593	2582	2241	1527	1460	1638	1405	1817	1732	1778	1566	1470	1587	1740	1806	1378	1476	1494	1338	1289	1296	1321	1297	1360	1353	1814	1843	1373	1418	1430	1417	1365	1305	1363	1364	1377	1398	11809	11328	2280	2346	1861	1895	1597	1587	1710	1656	1667	1768	6017	10542	2190	2345	1887	1893	1690	1691	1760	1914	1830	1946
19:03:42	37.0	2070	2029	1428	1399	1385	1462	1421	1331	1457	1464	1418	1622	1984	2067	1392	1414	1379	1406	1348	1453	1354	1415	1463	1553	2110	2142	1408	1383	1360	1403	1660	1638	1723	1462	1485	1559	2605	2286	1527	1421	1572	1422	1847	1737	1743	1475	1496	1585	1699	1779	1373	1448	1466	1427	1349	1276	1356	1318	1329	1339	1812	1815	1447	1407	1402	1413	1325	1336	1356	1327	1348	1477	11987	11574	2263	2340	1939	1875	1694	1626	1692	1697	1653	1758	5982	10648	2161	2304	1983	1912	1680	1734	1797	1805	1798	1853
19:13:42	37.0	2056	2136	1377	1431	1437	1475	1371	1409	1453	1494	1413	1643	2001	1958	1427	1430	1421	1438	1408	1421	1357	1411	1456	1516	2140	2152	1433	1424	1465	1438	1691	1745	1774	1527	1494	1639	2625	2194	1525	1409	1598	1461	1774	1774	1771	1584	1484	1562	1744	1803	1396	1460	1526	1389	1373	1277	1332	1372	1343	1382	1841	1781	1397	1478	1391	1426	1298	1337	1297	1306	1333	1439	11990	11533	2201	2332	1868	1936	1621	1663	1666	1664	1683	1750	6040	10439	2187	2327	1957	1966	1752	1727	1788	1827	1810	1867
19:23:42	37.0	2102	2054	1399	1409	1384	1412	1404	1415	1405	1468	1366	1571	2036	1990	1428	1419	1402	1405	1329	1454	1410	1430	1444	1539	2201	2239	1394	1406	1395	1402	1712	1709	1713	1481	1498	1601	2541	2224	1555	1473	1618	1434	1840	1745	1747	1556	1496	1602	1752	1792	1412	1440	1459	1441	1394	1336	1359	1364	1303	1376	1792	1783	1397	1438	1428	1404	1359	1299	1323	1371	1383	1448	11994	11808	2194	2281	1853	1878	1693	1672	1720	1643	1756	1717	5976	10559	2194	2347	1942	1894	1676	1704	1793	1858	1874	1860
19:33:42	37.0	2045	2045	1397	1403	1382	1502	1360	1403	1409	1495	1417	1584	1947	2034	1439	1418	1446	1449	1362	1462	1406	1438	1418	1535	2258	2221	1426	1446	1358	1416	1697	1730	1715	1500	1484	1620	2591	2300	1554	1468	1633	1489	1820	1735	1738	1517	1384	1612	1669	1788	1371	1427	1504	1415	1329	1295	1310	1359	1374	1413	1822	1846	1430	1431	1436	1421	1351	1397	1365	1361	1327	1390	11877	11589	2217	2372	1930	1945	1623	1709	1700	1677	1734	1727	5911	10557	2162	2349	1977	2015	1609	1716	1785	1862	1869	1838
19:43:42	37.0	2116	2044	1460	1428	1466	1461	1410	1394	1465	1476	1364	1621	1912	1991	1336	1433	1401	1403	1375	1369	1356	1363	1395	1553	2167	2123	1391	1395	1437	1415	1697	1683	1771	1494	1471	1588	2493	2189	1543	1464	1632	1398	1774	1753	1779	1547	1477	1587	1656	1828	1349	1484	1425	1390	1369	1316	1327	1333	1364	1383	1832	1884	1419	1447	1451	1409	1397	1372	1341	1243	1350	1419	12206	11534	2165	2362	1847	1833	1628	1749	1666	1631	1660	1758	5770	10327	2133	2378	1920	1998	1663	1673	1809	1849	1819	1861
19:53:42	37.0	2078	2075	1367	1371	1455	1475	1366	1401	1404	1514	1426	1652	1957	2056	1369	1380	1441	1424	1423	1411	1382	1339	1429	1580	2132	2133	1372	1459	1377	1455	1691	1713	1771	1463	1515	1585	2587	2186	1582	1412	1651	1434	1764	1791	1760	1587	1520	1546	1761	1827	1381	1476	1498	1459	1336	1346	1344	1301	1332	1426	1833	1779	1429	1416	1434	1414	1360	1348	1308	1362	1315	1373	11934	11637	2220	2316	1920	1852	1708	1721	1716	1658	1662	1663	5893	10348	2223	2320	2050	1915	1611	1701	1837	1838	1867	1848
20:03:42	37.0	2024	2037	1437	1459	1446	1521	1452	1420	1566	1466	1398	1583	1982	1969	1368	1457	1361	1386	1427	1399	1403	1480	1467	1575	2155	2225	1370	1439	1406	1510	1699	1746	1794	1514	1529	1633	2505	2241	1563	1457	1629	1439	1732	1771	1832	1549	1468	1630	1715	1750	1413	1427	1512	1369	1309	1348	1287	1304	1335	1401	1804	1775	1398	1459	1388	1469	1311	1270	1321	1310	1362	1427	12092	11504	2203	2269	1923	1918	1693	1651	1714	1692	1637	1688	5823	10245	2173	2351	1945	2001	1729	1770	1838	1890	1838	1893
20:13:42	37.0	2032	2010	1432	1396	1422	1443	1385	1426	1403	1451	1444	1630	1966	2025	1416	1420	1400	1427	1405	1410	1389	1406	1426	1596	2098	2185	1412	1476	1413	1442	1704	1680	1754	1463	1501	1632	2407	2217	1569	1468	1604	1452	1784	1717	1759	1626	1514	1556	1698	1780	1398	1409	1509	1463	1370	1341	1339	1346	1364	1374	1833	1872	1386	1397	1453	1406	1313	1346	1346	1328	1407	1428	11802	11563	2220	2367	1913	1885	1683	1686	1702	1697	1683	1707	5743	10255	2178	2309	1929	1930	1649	1678	1812	1892	1861	1875
20:23:42	37.0	2088	2070	1356	1410	1432	1469	1385	1418	1431	1455	1394	1672	1994	1976	1404	1416	1436	1408	1426	1422	1418	1412	1412	1540	2080	2200	1404	1445	1362	1431	1656	1731	1695	1564	1501	1625	2533	2244	1545	1449	1582	1423	1738	1845	1775	1596	1514	1601	1725	1758	1365	1434	1483	1422	1364	1315	1322	1365	1302	1431	1849	1862	1423	1494	1505	1468	1334	1339	1313	1292	1364	1503	11748	11566	2200	2321	1920	1909	1629	1694	1671	1665	1686	1767	5764	10347	2117	2394	2006	1945	1678	1655	1750	1836	1825	1887
20:33:42	37.0	2051	2006	1416	1455	1443	1446	1467	1425	1425	1459	1484	1662	1940	1987	1370	1392	1394	1383	1314	1406	1388	1423	1462	1561	2185	2193	1451	1449	1390	1396	1677	1705	1748	1490	1481	1640	2510	2155	1559	1456	1596	1422	1712	1816	1748	1543	1482	1597	1721	1700	1427	1451	1487	1419	1269	1377	1351	1316	1310	1404	1753	1845	1425	1401	1478	1451	1352	1380	1328	1320	1342	1408	11915	11626	2285	2351	1898	1927	1688	1653	1719	1687	1727	1713	5665	10060	2153	2326	1912	2007	1617	1692	1744	1784	1825	1889
20:43:42	37.0	2036	1998	1414	1358	1396	1419	1427	1429	1409	1434	1392	1671	1941	1987	1356	1441	1370	1409	1405	1370	1396	1377	1484	1568	2171	2185	1455	1431	1461	1449	1740	1711	1748	1469	1442	1636	2523	2159	1573	1403	1602	1443	1793	1754	1809	1578	1543	1617	1739	1753	1372	1429	1499	1404	1320	1314	1345	1275	1381	1361	1861	1852	1368	1393	1465	1429	1321	1340	1327	1313	1341	1407	11924	11419	2299	2408	1959	1909	1733	1660	1786	1659	1695	1703	5611	10298	2147	2259	1916	1948	1648	1728	1799	1848	1885	1832
20:53:42	37.0	2062	2042	1402	1409	1369	1492	1410	1425	1407	1420	1455	1697	1911	1930	1392	1403	1403	1431	1410	1424	1419	1393	1394	1540	2140	2194	1408	1464	1441	1403	1695	1702	1802	1551	1512	1654	2407	2173	1566	1438	1650	1460	1809	1801	1799	1460	1450	1579	1685	1774	1431	1416	1499	1410	1304	1324	1333	1286	1360	1343	1838	1791	1427	1382	1497	1423	1356	1322	1339	1294	1316	1388	11773	11423	2286	2305	1972	1953	1639	1634	1649	1723	1719	1789	5469	10035	2157	2311	1941	1907	1654	1700	1766	1882	1826	1854
21:03:42	37.0	2018	2060	1456	1434	1454	1455	1409	1389	1458	1455	1440	1573	1981	2065	1463	1428	1385	1416	1460	1416	1439	1390	1464	1543	2095	2122	1403	1449	1479	1445	1696	1741	1758	1464	1497	1613	2544	2173	1534	1491	1603	1452	1780	1787	1750	1598	1512	1626	1760	1725	1396	1438	1487	1424	1329	1382	1312	1348	1310	1369	1830	1846	1361	1446	1438	1401	1336	1393	1346	1319	1358	1453	11732	11385	2173	2345	1895	1877	1724	1711	1726	1692	1757	1708	5485	9841	2108	2321	1925	2032	1702	1710	1786	1874	1819	1854
21:13:42	37.0	2049	1981	1422	1436	1410	1510	1433	1432	1466	1553	1445	1662	1933	1957	1421	1364	1446	1462	1455	1440	1394	1416	1491	1561	2143	2177	1447	1489	1419	1455	1705	1726	1741	1478	1526	1635	2448	2219	1505	1494	1649	1457	1732	1809	1837	1534	1544	1634	1751	1796	1439	1454	1490	1421	1316	1378	1380	1278	1384	1423	1810	1836	1391	1493	1531	1408	1309	1295	1357	1351	1362	1412	12176	11569	2131	2391	1978	1877	1748	1768	1797	1729	1669	1757	5549	9714	2153	2242	1971	1921	1626	1723	1754	1905	1800	1857
21:23:42	37.0	2081	1979	1427	1459	1387	1499	1377	1450	1419	1469	1408	1661	1898	1973	1398	1395	1415	1422	1389	1413	1423	1424	1497	1559	2197	2161	1379	1425	1408	1483	1739	1753	1818	1545	1615	1652	2473	2208	1596	1449	1647	1459	1808	1767	1787	1535	1518	1645	1698	1736	1399	1380	1438	1462	1366	1356	1335	1337	1361	1409	1764	1830	1436	1416	1471	1464	1356	1349	1303	1300	1330	1493	11838	11257	2188	2353	1877	1852	1720	1728	1731	1654	1694	1707	5557	9939	2157	2224	1929	1969	1667	1697	1810	1892	1787	1832
21:33:42	37.0	2080	2052	1400	1421	1381	1480	1463	1415	1455	1461	1438	1683	1941	1993	1432	1411	1432	1418	1349	1408	1423	1390	1437	1552	2063	2109	1489	1450	1432	1383	1709	1757	1795	1465	1529	1632	2499	2162	1565	1473	1581	1499	1736	1757	1874	1620	1485	1654	1659	1739	1388	1497	1464	1447	1317	1315	1328	1392	1382	1423	1789	1740	1453	1430	1483	1452	1290	1323	1328	1311	1343	1443	11576	11506	2172	2332	1977	1970	1617	1691	1701	1720	1744	1720	5404	9684	2091	2248	1988	1928	1651	1675	1811	1804	1825	1823
21:43:42	37.0	2037	2026	1497	1411	1441	1563	1389	1426	1412	1461	1468	1694	1936	2008	1389	1426	1437	1407	1403	1455	1422	1432	1475	1573	2150	2149	1378	1453	1429	1475	1749	1688	1816	1478	1554	1604	2506	2193	1546	1422	1627	1477	1788	1792	1762	1593	1518	1628	1716	1749	1391	1391	1529	1393	1382	1315	1354	1353	1336	1369	1755	1780	1404	1409	1424	1421	1304	1334	1340	1322	1357	1432	11884	11367	2242	2313	1925	1903	1644	1724	1753	1677	1682	1778	5325	9521	2084	2227	1902	1988	1630	1753	1768	1798	1807	1821
21:53:42	37.0	2011	1951	1406	1435	1399	1513	1482	1502	1462	1455	1479	1700	1976	1974	1377	1372	1423	1384	1373	1404	1432	1407	1443	1532	2092	2178	1418	1515	1442	1458	1717	1733	1814	1510	1551	1607	2455	2249	1625	1511	1617	1437	1753	1832	1823	1575	1550	1678	1735	1759	1365	1436	1453	1434	1386	1331	1343	1339	1334	1403	1815	1882	1363	1426	1474	1437	1394	1323	1340	1334	1322	1391	11521	11125	2300	2334	1898	1951	1686	1697	1695	1694	1740	1790	5329	9653	2106	2244	1943	1923	1638	1691	1817	1804	1750	1787
22:03:42	37.0	2008	2121	1432	1419	1469	1456	1418	1494	1475	1478	1488	1725	1931	1998	1455	1380	1446	1402	1425	1426	1461	1406	1484	1589	2107	2171	1400	1461	1431	1470	1707	1832	1770	1592	1574	1703	2464	2218	1550	1482	1610	1515	1816	1796	1779	1513	1590	1652	1702	1752	1414	1434	1527	1404	1394	1387	1332	1334	1335	1402	1901	1799	1437	1409	1518	1446	1317	1272	1314	1349	1369	1443	11441	11113	2199	2319	1884	1847	1711	1671	1711	1740	1718	1723	5168	9271	2142	2243	1899	1930	1610	1710	1785	1816	1804	1856
22:13:42	37.0	2071	2077	1410	1397	1444	1478	1487	1413	1456	1464	1481	1700	1926	2003	1384	1377	1437	1420	1415	1379	1360	1444	1397	1548	2111	2104	1445	1443	1453	1488	1761	1730	1816	1496	1599	1644	2436	2193	1538	1489	1573	1490	1724	1836	1724	1587	1479	1632	1728	1758	1435	1549	1482	1419	1351	1326	1307	1396	1380	1382	1790	1824	1484	1493	1464	1422	1344	1439	1330	1300	1366	1410	11376	11195	2238	2324	1915	1944	1741	1676	1740	1649	1674	1704	5172	9247	2066	2187	1936	1907	1607	1699	1730	1811	1779	1773
22:23:42	37.0	2060	2000	1390	1466	1398	1478	1457	1416	1472	1437	1497	1703	1899	1963	1394	1362	1364	1402	1416	1436	1409	1466	1517	1543	2055	2122	1464	1456	1492	1502	1725	1690	1780	1541	1537	1636	2482	2094	1576	1477	1587	1436	1770	1799	1851	1598	1524	1712	1639	1736	1406	1462	1474	1421	1331	1384	1359	1297	1376	1447	1844	1767	1421	1409	1479	1474	1347	1372	1340	1330	1362	1445	11671	10925	2229	2351	1871	1870	1734	1671	1778	1726	1721	1767	5200	9076	2067	2199	1994	1955	1613	1735	1770	1830	1785	1818
22:33:42	37.0	2092	1996	1388	1425	1417	1485	1428	1440	1462	1529	1441	1708	1875	2008	1396	1426	1432	1374	1429	1419	1459	1437	1483	1620	2129	2171	1416	1452	1437	1481	1737	1728	1830	1543	1519	1648	2397	2120	1591	1501	1645	1486	1820	1742	1855	1584	1569	1632	1700	1689	1385	1458	1489	1443	1395	1361	1329	1344	1350	1390	1803	1832	1441	1432	1417	1452	1388	1333	1367	1363	1330	1467	11399	10940	2203	2319	1978	1920	1726	1715	1697	1734	1731	1718	5044	9071	2058	2219	1952	1904	1592	1771	1771	1788	1783	1788
22:43:42	37.0	1978	2087	1436	1437	1415	1480	1487	1451	1476	1447	1450	1707	1977	2075	1408	1447	1427	1419	1430	1436	1400	1420	1443	1600	1995	2147	1412	1449	1480	1452	1711	1710	1838	1538	1567	1666	2478	2125	1626	1472	1631	1455	1711	1808	1876	1593	1509	1627	1714	1768	1461	1430	1582	1469	1356	1322	1335	1339	1350	1446	1782	1831	1428	1501	1572	1408	1321	1314	1305	1321	1304	1460	11188	10843	2284	2327	1816	1905	1758	1772	1724	1685	1719	1741	4907	8929	2161	2168	1869	1951	1606	1732	1804	1814	1837	1782
22:53:42	37.0	2013	2044	1409	1445	1460	1545	1413	1473	1511	1522	1420	1773	1963	1991	1421	1462	1373	1481	1409	1465	1383	1461	1421	1599	2079	2099	1425	1480	1465	1451	1772	1726	1872	1484	1593	1687	2457	2129	1614	1501	1662	1505	1754	1824	1831	1611	1557	1717	1766	1737	1393	1440	1497	1399	1349	1314	1340	1346	1409	1435	1823	1862	1404	1451	1483	1435	1359	1366	1337	1372	1402	1436	11162	10756	2243	2268	1894	1940	1750	1693	1769	1717	1737	1745	4955	8907	2111	2178	1909	1981	1702	1706	1713	1796	1801	1809
23:03:42	37.0	2046	2040	1425	1467	1455	1548	1445	1496	1445	1463	1457	1740	1931	2021	1464	1433	1423	1419	1439	1404	1415	1492	1503	1481	2151	2138	1418	1440	1451	1504	1770	1725	1764	1529	1571	1652	2378	2197	1576	1513	1608	1547	1778	1788	1891	1597	1553	1637	1714	1728	1404	1431	1475	1418	1325	1386	1393	1384	1361	1450	1792	1825	1417	1452	1478	1461	1387	1379	1305	1386	1373	1478	11095	10714	2176	2314	1941	1840	1713	1776	1737	1722	1782	1755	4906	8693	2114	2188	1889	1952	1671	1782	1813	1808	1814	1771
23:13:42	37.0	2034	2108	1405	1400	1357	1540	1417	1451	1498	1499	1456	1792	1907	1985	1416	1353	1399	1420	1377	1467	1433	1431	1475	1548	2082	2109	1494	1505	1469	1447	1705	1710	1808	1482	1551	1652	2488	2166	1595	1490	1549	1504	1764	1840	1800	1550	1576	1668	1726	1813	1376	1511	1464	1465	1352	1344	1321	1351	1449	1417	1799	1844	1439	1452	1441	1440	1426	1432	1336	1345	1308	1457	11212	10600	2179	2342	1881	1919	1694	1699	1725	1699	1744	1716	4982	8718	2090	2225	1979	1986	1648	1756	1716	1807	1797	1779
23:23:42	37.0	2068	1963	1455	1420	1453	1533	1399	1429	1465	1528	1524	1745	1895	2037	1449	1385	1388	1471	1373	1460	1416	1427	1494	1593	2049	2089	1417	1462	1438	1496	1717	1705	1813	1554	1562	1643	2394	2210	1626	1455	1648	1470	1710	1808	1795	1591	1573	1676	1690	1689	1368	1455	1564	1438	1376	1364	1368	1359	1331	1374	1834	1786	1458	1410	1488	1446	1400	1332	1344	1339	1370	1446	11358	10640	2246	2334	1919	1947	1742	1709	1747	1712	1748	1676	4918	8517	2108	2141	1941	1903	1598	1768	1778	1814	1842	1805
