Time	T° OD700:700	A1	A2	A3	A4	A5	A6	A7	A8	A9	A10	A11	A12	B1	B2	B3	B4	B5	B6	B7	B8	B9	B10	B11	B12	C1	C2	C3	C4	C5	C6	C7	C8	C9	C10	C11	C12	D1	D2	D3	D4	D5	D6	D7	D8	D9	D10	D11	D12	E1	E2	E3	E4	E5	E6	E7	E8	E9	E10	E11	E12	F1	F2	F3	F4	F5	F6	F7	F8	F9	F10	F11	F12	G1	G2	G3	G4	G5	G6	G7	G8	G9	G10	G11	G12	H1	H2	H3	H4	H5	H6	H7	H8	H9	H10	H11	H12
0:00:17	37.0	0.073	0.073	0.073	0.073	0.074	0.075	0.076	0.082	0.078	0.076	0.077	0.077	0.073	0.073	0.077	0.076	0.076	0.076	0.078	0.077	0.077	0.082	0.077	0.077	0.074	0.074	0.077	0.076	0.075	0.076	0.077	0.077	0.077	0.077	0.079	0.077	0.073	0.075	0.074	0.073	0.071	0.074	0.075	0.078	0.076	0.075	0.076	0.078	0.075	0.077	0.074	0.073	0.076	0.076	0.077	0.077	0.077	0.077	0.078	0.078	0.076	0.077	0.073	0.077	0.075	0.075	0.077	0.077	0.078	0.079	0.077	0.076	0.073	0.076	0.074	0.076	0.074	0.076	0.077	0.076	0.076	0.075	0.077	0.076	0.074	0.076	0.074	0.077	0.075	0.072	0.076	0.077	0.072	0.073	0.078	0.072
0:10:17	37.0	0.073	0.072	0.073	0.073	0.073	0.075	0.077	0.082	0.078	0.077	0.077	0.077	0.072	0.073	0.077	0.076	0.076	0.076	0.078	0.077	0.077	0.077	0.077	0.077	0.074	0.074	0.077	0.077	0.076	0.076	0.078	0.078	0.078	0.077	0.081	0.078	0.073	0.075	0.073	0.073	0.072	0.074	0.075	0.085	0.076	0.076	0.076	0.078	0.075	0.076	0.073	0.076	0.075	0.076	0.076	0.077	0.077	0.075	0.077	0.078	0.076	0.076	0.072	0.077	0.074	0.074	0.076	0.076	0.077	0.074	0.077	0.076	0.073	0.076	0.074	0.076	0.074	0.076	0.077	0.076	0.076	0.075	0.077	0.075	0.074	0.076	0.074	0.077	0.075	0.073	0.076	0.077	0.073	0.073	0.078	0.072
0:20:17	37.0	0.073	0.073	0.074	0.074	0.074	0.076	0.078	0.083	0.078	0.077	0.078	0.078	0.073	0.073	0.078	0.077	0.077	0.076	0.079	0.078	0.077	0.078	0.078	0.078	0.074	0.075	0.077	0.077	0.076	0.076	0.079	0.078	0.078	0.078	0.080	0.078	0.073	0.075	0.074	0.074	0.072	0.075	0.077	0.083	0.077	0.076	0.077	0.079	0.075	0.077	0.074	0.074	0.076	0.077	0.077	0.078	0.078	0.076	0.078	0.079	0.076	0.077	0.073	0.077	0.076	0.075	0.077	0.077	0.077	0.075	0.078	0.077	0.073	0.076	0.074	0.077	0.074	0.077	0.078	0.077	0.076	0.076	0.077	0.076	0.074	0.076	0.075	0.077	0.075	0.073	0.076	0.078	0.074	0.074	0.079	0.073
0:30:17	37.0	0.073	0.073	0.074	0.075	0.075	0.076	0.079	0.083	0.079	0.078	0.079	0.079	0.073	0.073	0.079	0.077	0.077	0.077	0.080	0.079	0.079	0.079	0.079	0.079	0.075	0.075	0.078	0.079	0.077	0.077	0.079	0.080	0.079	0.079	0.081	0.079	0.073	0.076	0.075	0.075	0.072	0.076	0.077	0.083	0.078	0.077	0.078	0.080	0.075	0.077	0.074	0.075	0.076	0.077	0.077	0.078	0.079	0.077	0.078	0.079	0.076	0.076	0.074	0.078	0.076	0.081	0.077	0.078	0.079	0.076	0.079	0.077	0.073	0.076	0.076	0.078	0.074	0.077	0.078	0.078	0.077	0.076	0.078	0.076	0.074	0.076	0.076	0.077	0.076	0.073	0.077	0.079	0.074	0.075	0.080	0.074
0:40:17	37.0	0.074	0.074	0.075	0.076	0.076	0.077	0.080	0.086	0.081	0.080	0.081	0.080	0.074	0.073	0.080	0.078	0.078	0.078	0.081	0.081	0.080	0.080	0.080	0.080	0.075	0.075	0.079	0.079	0.077	0.078	0.080	0.081	0.080	0.080	0.082	0.081	0.073	0.076	0.076	0.075	0.073	0.076	0.079	0.082	0.079	0.078	0.079	0.081	0.076	0.078	0.076	0.076	0.077	0.078	0.079	0.079	0.080	0.079	0.079	0.081	0.077	0.077	0.075	0.079	0.077	0.082	0.080	0.080	0.080	0.077	0.080	0.079	0.074	0.077	0.076	0.079	0.075	0.079	0.080	0.080	0.078	0.078	0.079	0.078	0.074	0.077	0.077	0.079	0.077	0.074	0.078	0.080	0.076	0.076	0.082	0.075
0:50:17	37.0	0.075	0.074	0.077	0.078	0.078	0.079	0.082	0.087	0.083	0.082	0.083	0.081	0.074	0.074	0.082	0.080	0.080	0.080	0.084	0.083	0.082	0.082	0.082	0.082	0.076	0.076	0.081	0.081	0.079	0.079	0.083	0.082	0.082	0.082	0.084	0.082	0.074	0.077	0.077	0.077	0.075	0.077	0.081	0.084	0.081	0.080	0.080	0.083	0.076	0.078	0.077	0.078	0.079	0.079	0.081	0.081	0.081	0.080	0.081	0.082	0.077	0.078	0.077	0.081	0.078	0.083	0.080	0.081	0.082	0.078	0.081	0.080	0.074	0.077	0.078	0.080	0.076	0.080	0.081	0.081	0.080	0.079	0.081	0.079	0.075	0.077	0.078	0.080	0.078	0.075	0.079	0.082	0.077	0.077	0.083	0.076
1:00:17	37.0	0.075	0.075	0.081	0.081	0.080	0.081	0.086	0.090	0.087	0.085	0.086	0.085	0.075	0.075	0.085	0.084	0.083	0.083	0.087	0.086	0.086	0.085	0.086	0.085	0.076	0.076	0.083	0.083	0.082	0.081	0.086	0.085	0.086	0.085	0.086	0.085	0.075	0.077	0.079	0.079	0.076	0.080	0.083	0.086	0.084	0.083	0.083	0.086	0.077	0.080	0.080	0.080	0.080	0.082	0.082	0.083	0.084	0.082	0.083	0.085	0.078	0.079	0.078	0.083	0.081	0.085	0.082	0.083	0.084	0.081	0.084	0.083	0.075	0.079	0.080	0.082	0.079	0.082	0.083	0.084	0.082	0.081	0.083	0.081	0.076	0.078	0.080	0.083	0.079	0.077	0.081	0.084	0.079	0.080	0.086	0.077
1:10:17	37.0	0.076	0.076	0.085	0.085	0.084	0.085	0.089	0.094	0.090	0.088	0.090	0.090	0.076	0.076	0.087	0.086	0.085	0.085	0.091	0.090	0.090	0.090	0.090	0.089	0.077	0.077	0.086	0.086	0.084	0.084	0.088	0.088	0.089	0.088	0.089	0.088	0.076	0.079	0.081	0.083	0.078	0.083	0.087	0.088	0.087	0.086	0.087	0.089	0.079	0.080	0.082	0.084	0.083	0.084	0.085	0.086	0.087	0.085	0.086	0.088	0.080	0.080	0.082	0.085	0.083	0.088	0.085	0.086	0.086	0.083	0.087	0.085	0.077	0.080	0.083	0.085	0.082	0.085	0.085	0.086	0.084	0.084	0.086	0.084	0.077	0.080	0.083	0.086	0.082	0.080	0.084	0.087	0.082	0.082	0.088	0.080
1:20:17	37.0	0.078	0.078	0.087	0.089	0.087	0.087	0.093	0.098	0.095	0.092	0.094	0.094	0.077	0.077	0.092	0.090	0.088	0.089	0.095	0.094	0.095	0.093	0.094	0.093	0.078	0.079	0.089	0.089	0.087	0.086	0.092	0.091	0.092	0.092	0.094	0.092	0.076	0.079	0.084	0.085	0.081	0.085	0.091	0.091	0.092	0.090	0.091	0.093	0.080	0.082	0.086	0.089	0.086	0.087	0.087	0.088	0.090	0.088	0.090	0.091	0.082	0.081	0.085	0.089	0.086	0.090	0.087	0.088	0.089	0.086	0.090	0.088	0.078	0.082	0.086	0.088	0.085	0.088	0.088	0.088	0.087	0.087	0.089	0.087	0.078	0.081	0.085	0.089	0.085	0.083	0.086	0.090	0.085	0.085	0.091	0.082
1:30:17	37.0	0.080	0.080	0.091	0.092	0.091	0.092	0.096	0.102	0.098	0.096	0.098	0.097	0.079	0.079	0.096	0.094	0.093	0.094	0.098	0.097	0.098	0.096	0.097	0.096	0.080	0.081	0.093	0.092	0.091	0.091	0.096	0.095	0.096	0.095	0.098	0.095	0.077	0.081	0.088	0.088	0.085	0.089	0.094	0.094	0.095	0.093	0.095	0.097	0.082	0.084	0.088	0.089	0.089	0.091	0.090	0.092	0.093	0.091	0.092	0.094	0.084	0.083	0.088	0.092	0.090	0.095	0.090	0.091	0.093	0.089	0.094	0.091	0.080	0.083	0.089	0.092	0.088	0.092	0.091	0.092	0.090	0.090	0.092	0.090	0.079	0.083	0.089	0.092	0.088	0.086	0.089	0.092	0.088	0.089	0.095	0.085
1:40:17	37.0	0.082	0.083	0.093	0.095	0.093	0.094	0.099	0.105	0.101	0.099	0.101	0.102	0.082	0.082	0.098	0.097	0.095	0.095	0.101	0.100	0.101	0.099	0.101	0.100	0.081	0.083	0.095	0.095	0.093	0.094	0.099	0.099	0.100	0.099	0.101	0.100	0.080	0.083	0.092	0.092	0.088	0.092	0.098	0.098	0.099	0.097	0.099	0.101	0.084	0.086	0.090	0.092	0.092	0.094	0.092	0.094	0.096	0.094	0.095	0.097	0.086	0.086	0.090	0.094	0.092	0.097	0.093	0.094	0.096	0.092	0.097	0.094	0.083	0.086	0.093	0.095	0.091	0.095	0.093	0.094	0.093	0.093	0.096	0.094	0.081	0.085	0.093	0.096	0.092	0.090	0.092	0.096	0.090	0.092	0.099	0.088
1:50:17	37.1	0.084	0.086	0.096	0.097	0.096	0.097	0.103	0.109	0.105	0.103	0.106	0.107	0.085	0.085	0.101	0.099	0.098	0.098	0.105	0.103	0.104	0.103	0.105	0.105	0.084	0.085	0.098	0.098	0.096	0.097	0.103	0.103	0.104	0.103	0.105	0.105	0.081	0.086	0.095	0.096	0.091	0.096	0.102	0.102	0.102	0.100	0.103	0.106	0.087	0.089	0.093	0.095	0.096	0.097	0.096	0.097	0.098	0.096	0.099	0.100	0.089	0.088	0.094	0.097	0.095	0.100	0.096	0.097	0.099	0.095	0.100	0.098	0.085	0.089	0.096	0.099	0.095	0.099	0.097	0.098	0.096	0.096	0.099	0.098	0.083	0.088	0.096	0.100	0.096	0.094	0.096	0.099	0.094	0.096	0.102	0.091
2:00:17	37.0	0.088	0.088	0.101	0.101	0.100	0.100	0.109	0.115	0.111	0.108	0.111	0.112	0.088	0.087	0.104	0.103	0.102	0.101	0.109	0.109	0.109	0.107	0.110	0.111	0.087	0.088	0.102	0.102	0.100	0.100	0.108	0.108	0.109	0.108	0.110	0.109	0.084	0.088	0.098	0.100	0.095	0.100	0.106	0.107	0.106	0.104	0.107	0.110	0.089	0.092	0.098	0.099	0.100	0.101	0.098	0.100	0.101	0.099	0.101	0.104	0.091	0.091	0.097	0.102	0.099	0.104	0.099	0.100	0.102	0.098	0.103	0.101	0.088	0.091	0.099	0.103	0.098	0.103	0.100	0.101	0.100	0.099	0.102	0.101	0.086	0.091	0.100	0.104	0.100	0.099	0.098	0.102	0.098	0.099	0.105	0.094
2:10:17	37.0	0.090	0.090	0.104	0.107	0.104	0.105	0.114	0.120	0.117	0.114	0.117	0.117	0.090	0.089	0.109	0.108	0.105	0.105	0.114	0.113	0.114	0.113	0.115	0.116	0.090	0.090	0.107	0.105	0.104	0.105	0.112	0.112	0.113	0.114	0.115	0.115	0.087	0.091	0.102	0.103	0.099	0.103	0.111	0.114	0.112	0.109	0.113	0.116	0.092	0.094	0.100	0.102	0.103	0.104	0.101	0.103	0.104	0.102	0.104	0.108	0.094	0.093	0.100	0.105	0.103	0.108	0.102	0.103	0.105	0.101	0.106	0.104	0.091	0.095	0.104	0.107	0.103	0.106	0.103	0.105	0.103	0.102	0.106	0.105	0.089	0.094	0.105	0.108	0.104	0.103	0.102	0.106	0.101	0.102	0.110	0.098
2:20:17	37.0	0.092	0.092	0.109	0.111	0.109	0.110	0.119	0.124	0.120	0.118	0.122	0.122	0.093	0.091	0.112	0.111	0.110	0.110	0.118	0.117	0.120	0.118	0.119	0.122	0.092	0.093	0.111	0.112	0.108	0.109	0.118	0.118	0.120	0.120	0.121	0.124	0.090	0.094	0.105	0.106	0.102	0.108	0.117	0.118	0.117	0.113	0.118	0.123	0.094	0.097	0.105	0.114	0.107	0.111	0.104	0.107	0.107	0.106	0.108	0.112	0.096	0.096	0.105	0.109	0.107	0.112	0.105	0.107	0.109	0.105	0.110	0.108	0.094	0.097	0.108	0.111	0.107	0.112	0.107	0.108	0.106	0.106	0.109	0.109	0.091	0.096	0.108	0.112	0.108	0.108	0.105	0.110	0.104	0.106	0.113	0.102
2:30:17	37.0	0.094	0.095	0.114	0.115	0.113	0.114	0.126	0.130	0.126	0.124	0.131	0.130	0.096	0.095	0.119	0.118	0.114	0.115	0.125	0.125	0.127	0.125	0.127	0.131	0.095	0.096	0.117	0.116	0.114	0.115	0.127	0.128	0.129	0.127	0.129	0.132	0.094	0.099	0.109	0.112	0.106	0.114	0.122	0.124	0.126	0.118	0.126	0.132	0.097	0.100	0.109	0.113	0.113	0.117	0.108	0.110	0.111	0.109	0.111	0.116	0.100	0.099	0.110	0.115	0.114	0.118	0.109	0.111	0.112	0.108	0.113	0.112	0.097	0.100	0.113	0.116	0.113	0.117	0.111	0.112	0.111	0.110	0.112	0.112	0.094	0.101	0.113	0.118	0.113	0.113	0.110	0.114	0.108	0.110	0.117	0.105
2:40:17	37.1	0.097	0.099	0.122	0.124	0.119	0.120	0.136	0.142	0.137	0.133	0.145	0.141	0.099	0.098	0.128	0.128	0.122	0.121	0.135	0.135	0.138	0.135	0.137	0.140	0.097	0.099	0.124	0.125	0.120	0.122	0.137	0.138	0.139	0.136	0.139	0.140	0.097	0.102	0.113	0.118	0.111	0.120	0.131	0.133	0.133	0.125	0.135	0.140	0.100	0.102	0.115	0.118	0.117	0.121	0.111	0.113	0.115	0.113	0.114	0.119	0.102	0.102	0.119	0.121	0.118	0.123	0.112	0.114	0.116	0.112	0.116	0.115	0.100	0.103	0.118	0.123	0.118	0.124	0.115	0.117	0.114	0.114	0.116	0.117	0.097	0.104	0.118	0.125	0.118	0.121	0.113	0.118	0.113	0.114	0.122	0.109
2:50:17	37.0	0.102	0.104	0.138	0.138	0.130	0.131	0.154	0.155	0.149	0.149	0.160	0.154	0.104	0.101	0.133	0.142	0.129	0.129	0.147	0.146	0.149	0.147	0.154	0.154	0.101	0.102	0.130	0.135	0.129	0.133	0.145	0.147	0.150	0.147	0.148	0.154	0.100	0.106	0.119	0.128	0.117	0.129	0.139	0.148	0.142	0.134	0.146	0.152	0.104	0.106	0.122	0.120	0.124	0.126	0.116	0.117	0.120	0.116	0.118	0.124	0.106	0.106	0.121	0.126	0.123	0.128	0.117	0.121	0.121	0.115	0.121	0.119	0.104	0.107	0.126	0.129	0.125	0.132	0.120	0.121	0.119	0.118	0.121	0.122	0.101	0.109	0.125	0.132	0.124	0.128	0.118	0.123	0.117	0.119	0.127	0.114
3:00:17	37.0	0.107	0.109	0.149	0.149	0.148	0.142	0.165	0.168	0.168	0.164	0.176	0.170	0.108	0.105	0.148	0.151	0.146	0.143	0.166	0.162	0.167	0.158	0.169	0.172	0.106	0.107	0.137	0.142	0.135	0.138	0.159	0.162	0.163	0.162	0.161	0.168	0.104	0.108	0.126	0.140	0.124	0.138	0.151	0.162	0.155	0.146	0.160	0.167	0.107	0.108	0.129	0.129	0.130	0.140	0.122	0.123	0.124	0.120	0.122	0.128	0.111	0.110	0.134	0.140	0.138	0.138	0.120	0.123	0.124	0.120	0.126	0.123	0.108	0.111	0.134	0.141	0.131	0.141	0.125	0.125	0.124	0.123	0.126	0.128	0.105	0.113	0.131	0.140	0.132	0.135	0.122	0.128	0.122	0.124	0.133	0.120
3:10:17	37.0	0.112	0.113	0.156	0.161	0.155	0.153	0.170	0.176	0.182	0.178	0.187	0.187	0.110	0.110	0.158	0.163	0.157	0.158	0.176	0.177	0.181	0.172	0.182	0.188	0.112	0.112	0.156	0.158	0.149	0.147	0.176	0.178	0.180	0.176	0.175	0.183	0.108	0.112	0.138	0.150	0.133	0.148	0.158	0.179	0.171	0.159	0.173	0.182	0.112	0.114	0.130	0.145	0.140	0.149	0.123	0.137	0.128	0.125	0.129	0.133	0.114	0.115	0.143	0.147	0.144	0.145	0.125	0.133	0.129	0.125	0.132	0.129	0.113	0.117	0.142	0.151	0.141	0.149	0.130	0.131	0.128	0.129	0.133	0.134	0.110	0.119	0.138	0.151	0.140	0.145	0.127	0.134	0.127	0.129	0.138	0.124
3:20:17	37.0	0.117	0.118	0.174	0.175	0.166	0.162	0.199	0.202	0.201	0.199	0.207	0.210	0.115	0.114	0.174	0.179	0.168	0.169	0.196	0.197	0.199	0.199	0.207	0.212	0.115	0.117	0.174	0.171	0.164	0.164	0.193	0.196	0.197	0.191	0.196	0.205	0.112	0.117	0.148	0.165	0.144	0.165	0.176	0.184	0.189	0.172	0.190	0.201	0.116	0.120	0.150	0.155	0.142	0.154	0.128	0.143	0.142	0.128	0.131	0.138	0.120	0.121	0.141	0.149	0.156	0.154	0.129	0.146	0.133	0.137	0.138	0.134	0.118	0.123	0.149	0.163	0.150	0.162	0.136	0.136	0.135	0.134	0.139	0.139	0.115	0.126	0.152	0.160	0.149	0.162	0.132	0.139	0.133	0.134	0.143	0.130
3:30:17	37.0	0.124	0.128	0.189	0.193	0.185	0.187	0.218	0.222	0.225	0.220	0.228	0.232	0.124	0.123	0.192	0.194	0.181	0.184	0.217	0.217	0.221	0.217	0.218	0.229	0.118	0.122	0.185	0.191	0.185	0.187	0.213	0.213	0.218	0.213	0.211	0.229	0.116	0.124	0.161	0.185	0.158	0.178	0.192	0.203	0.208	0.190	0.209	0.219	0.123	0.132	0.153	0.158	0.152	0.169	0.134	0.149	0.145	0.138	0.137	0.143	0.133	0.133	0.159	0.161	0.165	0.170	0.135	0.152	0.138	0.142	0.141	0.137	0.124	0.128	0.167	0.182	0.168	0.177	0.142	0.144	0.143	0.141	0.145	0.145	0.123	0.134	0.157	0.188	0.159	0.170	0.139	0.146	0.138	0.140	0.151	0.136
3:40:17	37.0	0.136	0.137	0.207	0.211	0.200	0.202	0.233	0.235	0.237	0.234	0.240	0.247	0.137	0.132	0.209	0.213	0.203	0.197	0.233	0.234	0.235	0.230	0.232	0.243	0.126	0.128	0.204	0.211	0.201	0.199	0.241	0.237	0.236	0.230	0.242	0.259	0.122	0.130	0.176	0.202	0.177	0.193	0.215	0.220	0.230	0.203	0.226	0.248	0.139	0.139	0.162	0.165	0.174	0.181	0.136	0.153	0.161	0.138	0.141	0.147	0.141	0.148	0.169	0.176	0.177	0.181	0.139	0.141	0.143	0.142	0.145	0.147	0.134	0.136	0.191	0.195	0.195	0.201	0.149	0.157	0.150	0.147	0.153	0.154	0.131	0.140	0.170	0.200	0.181	0.195	0.144	0.153	0.144	0.145	0.160	0.143
3:50:17	37.0	0.147	0.148	0.221	0.227	0.216	0.212	0.252	0.254	0.256	0.250	0.252	0.263	0.149	0.144	0.225	0.232	0.217	0.221	0.251	0.252	0.255	0.246	0.244	0.252	0.134	0.136	0.222	0.229	0.220	0.224	0.259	0.263	0.261	0.257	0.266	0.294	0.130	0.136	0.195	0.223	0.192	0.217	0.225	0.243	0.253	0.223	0.259	0.282	0.141	0.156	0.173	0.187	0.191	0.191	0.142	0.166	0.157	0.144	0.154	0.155	0.157	0.144	0.183	0.187	0.186	0.195	0.151	0.146	0.166	0.145	0.152	0.150	0.149	0.155	0.201	0.212	0.210	0.217	0.164	0.161	0.158	0.156	0.163	0.165	0.138	0.153	0.197	0.218	0.204	0.218	0.152	0.161	0.152	0.153	0.171	0.153
4:00:17	37.0	0.162	0.155	0.238	0.242	0.233	0.230	0.267	0.270	0.271	0.264	0.269	0.281	0.153	0.156	0.241	0.245	0.232	0.237	0.266	0.268	0.270	0.259	0.259	0.266	0.142	0.144	0.241	0.244	0.246	0.250	0.292	0.297	0.297	0.287	0.288	0.318	0.135	0.146	0.219	0.237	0.214	0.244	0.245	0.273	0.288	0.258	0.285	0.314	0.159	0.160	0.190	0.196	0.201	0.204	0.148	0.172	0.155	0.151	0.162	0.173	0.161	0.167	0.194	0.198	0.201	0.205	0.150	0.154	0.156	0.156	0.171	0.173	0.156	0.167	0.213	0.227	0.229	0.239	0.172	0.169	0.166	0.166	0.174	0.177	0.157	0.162	0.212	0.238	0.219	0.239	0.159	0.174	0.162	0.163	0.194	0.165
4:10:17	37.0	0.173	0.174	0.252	0.255	0.245	0.243	0.277	0.280	0.287	0.282	0.282	0.303	0.173	0.164	0.255	0.260	0.248	0.251	0.282	0.282	0.287	0.276	0.273	0.281	0.152	0.154	0.271	0.284	0.274	0.278	0.316	0.320	0.318	0.308	0.310	0.339	0.145	0.153	0.237	0.272	0.233	0.272	0.270	0.292	0.310	0.281	0.305	0.335	0.166	0.169	0.200	0.208	0.216	0.220	0.155	0.160	0.163	0.160	0.179	0.187	0.177	0.176	0.205	0.208	0.217	0.220	0.158	0.163	0.164	0.176	0.180	0.170	0.177	0.182	0.234	0.245	0.247	0.251	0.189	0.181	0.178	0.179	0.188	0.190	0.169	0.190	0.232	0.259	0.243	0.256	0.171	0.184	0.172	0.173	0.216	0.178
4:20:17	37.0	0.179	0.183	0.264	0.267	0.255	0.254	0.291	0.294	0.300	0.293	0.299	0.326	0.184	0.185	0.269	0.274	0.261	0.263	0.295	0.294	0.300	0.288	0.286	0.296	0.164	0.164	0.300	0.312	0.301	0.304	0.341	0.347	0.344	0.333	0.325	0.357	0.156	0.162	0.257	0.299	0.254	0.303	0.295	0.317	0.335	0.301	0.325	0.356	0.178	0.184	0.211	0.222	0.231	0.236	0.172	0.188	0.185	0.191	0.173	0.199	0.188	0.188	0.218	0.221	0.229	0.233	0.187	0.182	0.186	0.187	0.193	0.200	0.190	0.191	0.254	0.262	0.255	0.265	0.187	0.193	0.190	0.192	0.205	0.214	0.195	0.192	0.249	0.271	0.255	0.275	0.181	0.216	0.184	0.192	0.228	0.194
4:30:17	37.0	0.193	0.196	0.278	0.280	0.269	0.268	0.307	0.311	0.319	0.313	0.318	0.345	0.197	0.195	0.282	0.287	0.276	0.276	0.309	0.310	0.318	0.303	0.299	0.314	0.178	0.175	0.321	0.335	0.324	0.326	0.361	0.362	0.366	0.357	0.343	0.380	0.170	0.174	0.277	0.324	0.281	0.330	0.327	0.339	0.363	0.327	0.345	0.383	0.192	0.194	0.225	0.238	0.247	0.252	0.189	0.196	0.195	0.198	0.187	0.214	0.199	0.202	0.231	0.234	0.243	0.247	0.195	0.194	0.200	0.197	0.207	0.202	0.196	0.203	0.264	0.264	0.268	0.279	0.214	0.215	0.204	0.208	0.224	0.225	0.208	0.214	0.260	0.286	0.274	0.295	0.209	0.233	0.208	0.209	0.252	0.218
4:40:17	37.0	0.202	0.204	0.292	0.293	0.281	0.281	0.325	0.328	0.336	0.329	0.333	0.362	0.205	0.204	0.292	0.299	0.289	0.287	0.323	0.322	0.333	0.320	0.314	0.334	0.184	0.185	0.334	0.363	0.349	0.355	0.387	0.390	0.395	0.381	0.359	0.410	0.181	0.184	0.300	0.352	0.312	0.362	0.365	0.373	0.393	0.355	0.366	0.420	0.200	0.207	0.236	0.249	0.265	0.269	0.189	0.204	0.208	0.208	0.211	0.227	0.207	0.212	0.241	0.247	0.256	0.261	0.194	0.203	0.211	0.213	0.218	0.218	0.214	0.219	0.272	0.283	0.283	0.295	0.232	0.225	0.220	0.228	0.247	0.257	0.219	0.227	0.276	0.303	0.295	0.317	0.222	0.249	0.217	0.234	0.255	0.234
4:50:17	37.0	0.221	0.215	0.306	0.308	0.293	0.296	0.337	0.342	0.352	0.341	0.346	0.400	0.214	0.212	0.304	0.313	0.299	0.298	0.335	0.332	0.346	0.334	0.327	0.353	0.196	0.196	0.364	0.386	0.381	0.387	0.433	0.426	0.433	0.415	0.383	0.442	0.193	0.194	0.328	0.382	0.345	0.394	0.401	0.411	0.432	0.389	0.393	0.458	0.212	0.219	0.248	0.259	0.279	0.283	0.209	0.215	0.217	0.222	0.222	0.237	0.215	0.219	0.253	0.258	0.272	0.278	0.216	0.210	0.227	0.226	0.237	0.241	0.225	0.231	0.284	0.297	0.301	0.313	0.243	0.254	0.245	0.255	0.272	0.271	0.231	0.236	0.296	0.323	0.316	0.341	0.247	0.268	0.245	0.245	0.267	0.247
5:00:17	37.0	0.232	0.225	0.318	0.325	0.306	0.311	0.355	0.363	0.378	0.367	0.367	0.419	0.221	0.218	0.319	0.331	0.312	0.312	0.355	0.350	0.368	0.354	0.347	0.373	0.211	0.208	0.382	0.421	0.411	0.416	0.473	0.468	0.470	0.443	0.410	0.464	0.208	0.208	0.360	0.417	0.376	0.425	0.427	0.449	0.470	0.421	0.424	0.488	0.222	0.228	0.261	0.273	0.297	0.302	0.221	0.232	0.235	0.235	0.235	0.248	0.225	0.227	0.266	0.274	0.289	0.293	0.231	0.227	0.235	0.239	0.246	0.256	0.235	0.245	0.298	0.312	0.319	0.336	0.264	0.272	0.265	0.279	0.291	0.294	0.245	0.256	0.312	0.345	0.340	0.365	0.264	0.278	0.269	0.266	0.286	0.273
5:10:17	37.0	0.241	0.233	0.333	0.339	0.323	0.328	0.370	0.380	0.400	0.391	0.386	0.437	0.229	0.229	0.332	0.345	0.329	0.327	0.372	0.368	0.387	0.372	0.362	0.394	0.228	0.223	0.406	0.453	0.438	0.442	0.497	0.493	0.498	0.469	0.437	0.507	0.223	0.221	0.393	0.450	0.408	0.459	0.452	0.480	0.502	0.448	0.455	0.529	0.232	0.241	0.277	0.287	0.318	0.320	0.237	0.246	0.251	0.249	0.246	0.267	0.237	0.240	0.279	0.287	0.305	0.311	0.242	0.244	0.253	0.253	0.263	0.272	0.245	0.254	0.310	0.327	0.339	0.354	0.285	0.277	0.276	0.292	0.296	0.311	0.255	0.268	0.327	0.366	0.365	0.394	0.272	0.289	0.267	0.281	0.303	0.287
5:20:17	37.0	0.250	0.242	0.347	0.352	0.339	0.343	0.388	0.397	0.417	0.409	0.403	0.458	0.238	0.238	0.347	0.358	0.344	0.342	0.387	0.382	0.406	0.390	0.380	0.412	0.241	0.243	0.427	0.484	0.471	0.474	0.528	0.524	0.530	0.497	0.462	0.541	0.238	0.239	0.426	0.480	0.432	0.487	0.477	0.510	0.538	0.476	0.482	0.563	0.243	0.250	0.287	0.301	0.337	0.344	0.250	0.261	0.262	0.264	0.261	0.285	0.249	0.251	0.291	0.300	0.316	0.322	0.252	0.257	0.267	0.266	0.276	0.287	0.258	0.265	0.327	0.343	0.359	0.372	0.297	0.292	0.291	0.309	0.315	0.334	0.271	0.280	0.345	0.392	0.382	0.416	0.291	0.309	0.285	0.294	0.326	0.305
5:30:17	37.0	0.259	0.252	0.363	0.370	0.355	0.363	0.406	0.414	0.437	0.424	0.420	0.487	0.247	0.247	0.364	0.375	0.361	0.360	0.403	0.401	0.420	0.407	0.396	0.426	0.257	0.259	0.460	0.508	0.495	0.498	0.555	0.551	0.555	0.520	0.489	0.573	0.249	0.253	0.453	0.504	0.456	0.514	0.502	0.540	0.567	0.505	0.510	0.590	0.249	0.257	0.302	0.320	0.354	0.362	0.265	0.280	0.277	0.279	0.276	0.301	0.257	0.258	0.306	0.319	0.328	0.338	0.266	0.274	0.281	0.281	0.290	0.300	0.264	0.276	0.342	0.362	0.376	0.390	0.314	0.310	0.313	0.331	0.333	0.360	0.281	0.290	0.367	0.417	0.401	0.438	0.311	0.335	0.304	0.318	0.353	0.328
5:40:17	37.0	0.267	0.261	0.384	0.389	0.374	0.382	0.425	0.435	0.458	0.443	0.435	0.517	0.255	0.256	0.384	0.393	0.378	0.378	0.421	0.422	0.437	0.423	0.410	0.445	0.270	0.273	0.488	0.533	0.512	0.516	0.578	0.577	0.581	0.548	0.513	0.597	0.261	0.272	0.478	0.538	0.472	0.536	0.519	0.562	0.595	0.533	0.538	0.612	0.260	0.267	0.318	0.340	0.373	0.378	0.283	0.301	0.301	0.295	0.291	0.323	0.266	0.267	0.323	0.336	0.340	0.352	0.286	0.291	0.301	0.299	0.305	0.317	0.276	0.285	0.358	0.382	0.394	0.411	0.331	0.328	0.332	0.353	0.357	0.391	0.292	0.300	0.387	0.441	0.417	0.459	0.330	0.367	0.322	0.340	0.385	0.348
5:50:17	37.0	0.275	0.269	0.404	0.405	0.396	0.404	0.446	0.460	0.478	0.461	0.448	0.537	0.263	0.265	0.404	0.406	0.397	0.398	0.439	0.444	0.457	0.441	0.425	0.463	0.284	0.287	0.508	0.556	0.526	0.532	0.592	0.594	0.604	0.571	0.536	0.620	0.272	0.285	0.504	0.565	0.489	0.562	0.528	0.587	0.618	0.560	0.559	0.633	0.270	0.277	0.335	0.366	0.390	0.392	0.302	0.327	0.322	0.315	0.310	0.347	0.276	0.276	0.336	0.352	0.353	0.368	0.302	0.309	0.321	0.317	0.322	0.342	0.288	0.298	0.375	0.402	0.414	0.428	0.345	0.354	0.358	0.380	0.387	0.427	0.312	0.305	0.406	0.465	0.431	0.481	0.356	0.403	0.347	0.368	0.413	0.373
6:00:17	37.0	0.282	0.278	0.425	0.425	0.418	0.427	0.472	0.485	0.501	0.483	0.467	0.564	0.270	0.274	0.425	0.426	0.415	0.418	0.463	0.466	0.482	0.465	0.441	0.487	0.299	0.304	0.535	0.577	0.551	0.558	0.624	0.626	0.637	0.605	0.566	0.648	0.285	0.301	0.528	0.590	0.508	0.587	0.537	0.608	0.649	0.587	0.595	0.655	0.280	0.287	0.358	0.387	0.412	0.410	0.347	0.374	0.354	0.342	0.335	0.382	0.286	0.290	0.352	0.372	0.371	0.385	0.333	0.348	0.359	0.343	0.349	0.379	0.300	0.304	0.395	0.426	0.435	0.450	0.371	0.387	0.397	0.418	0.428	0.464	0.317	0.318	0.424	0.490	0.444	0.504	0.390	0.444	0.385	0.408	0.450	0.402
6:10:17	37.0	0.290	0.288	0.451	0.446	0.437	0.445	0.500	0.511	0.525	0.512	0.485	0.586	0.276	0.281	0.448	0.446	0.433	0.439	0.489	0.493	0.507	0.490	0.459	0.515	0.312	0.319	0.553	0.597	0.572	0.577	0.647	0.657	0.664	0.635	0.599	0.667	0.297	0.319	0.554	0.618	0.524	0.604	0.546	0.638	0.674	0.612	0.625	0.672	0.288	0.296	0.383	0.414	0.434	0.435	0.392	0.415	0.397	0.375	0.365	0.416	0.295	0.299	0.369	0.390	0.392	0.404	0.378	0.400	0.405	0.376	0.378	0.416	0.300	0.308	0.413	0.448	0.454	0.472	0.400	0.433	0.438	0.462	0.471	0.509	0.331	0.335	0.438	0.514	0.454	0.529	0.429	0.486	0.427	0.444	0.482	0.432
6:20:17	37.0	0.299	0.292	0.472	0.473	0.458	0.468	0.526	0.537	0.549	0.533	0.507	0.601	0.282	0.288	0.466	0.472	0.452	0.460	0.517	0.521	0.535	0.515	0.478	0.544	0.327	0.332	0.571	0.616	0.587	0.594	0.666	0.676	0.683	0.657	0.631	0.681	0.309	0.333	0.574	0.638	0.537	0.624	0.548	0.659	0.690	0.628	0.650	0.680	0.298	0.303	0.407	0.438	0.454	0.458	0.430	0.458	0.448	0.417	0.403	0.453	0.305	0.308	0.388	0.411	0.410	0.420	0.431	0.447	0.457	0.419	0.415	0.450	0.314	0.318	0.432	0.475	0.474	0.493	0.441	0.482	0.483	0.508	0.522	0.549	0.343	0.344	0.451	0.539	0.463	0.554	0.471	0.526	0.465	0.479	0.508	0.460
6:30:17	37.0	0.308	0.300	0.492	0.509	0.478	0.489	0.552	0.567	0.574	0.559	0.531	0.616	0.290	0.295	0.485	0.511	0.474	0.483	0.546	0.547	0.565	0.539	0.500	0.576	0.339	0.343	0.596	0.631	0.604	0.612	0.680	0.690	0.696	0.677	0.666	0.688	0.319	0.346	0.590	0.654	0.552	0.645	0.548	0.671	0.699	0.636	0.672	0.686	0.307	0.318	0.433	0.462	0.477	0.478	0.464	0.499	0.495	0.467	0.446	0.495	0.311	0.309	0.410	0.438	0.432	0.441	0.476	0.486	0.497	0.470	0.465	0.491	0.325	0.327	0.461	0.507	0.500	0.517	0.503	0.527	0.526	0.556	0.573	0.586	0.357	0.360	0.460	0.563	0.471	0.580	0.510	0.566	0.495	0.509	0.532	0.490
6:40:17	37.0	0.316	0.309	0.516	0.549	0.504	0.514	0.571	0.588	0.595	0.579	0.555	0.628	0.295	0.302	0.509	0.546	0.501	0.503	0.567	0.572	0.590	0.565	0.523	0.594	0.352	0.358	0.613	0.640	0.618	0.628	0.685	0.695	0.701	0.687	0.687	0.695	0.333	0.356	0.592	0.660	0.557	0.661	0.548	0.679	0.706	0.640	0.688	0.693	0.320	0.319	0.461	0.486	0.498	0.501	0.498	0.534	0.533	0.511	0.488	0.528	0.318	0.322	0.435	0.464	0.454	0.470	0.512	0.520	0.535	0.516	0.513	0.523	0.337	0.339	0.493	0.538	0.525	0.541	0.547	0.568	0.569	0.599	0.617	0.618	0.368	0.369	0.467	0.585	0.479	0.602	0.544	0.604	0.524	0.535	0.556	0.517
6:50:17	37.0	0.328	0.318	0.546	0.576	0.535	0.543	0.598	0.616	0.621	0.602	0.578	0.638	0.304	0.313	0.542	0.576	0.532	0.533	0.596	0.604	0.622	0.594	0.547	0.623	0.363	0.369	0.626	0.650	0.633	0.646	0.695	0.704	0.709	0.696	0.702	0.706	0.343	0.365	0.600	0.670	0.565	0.673	0.552	0.687	0.713	0.646	0.699	0.700	0.322	0.328	0.489	0.508	0.522	0.526	0.543	0.581	0.571	0.549	0.530	0.567	0.327	0.333	0.461	0.489	0.480	0.500	0.549	0.559	0.578	0.564	0.562	0.559	0.345	0.354	0.533	0.572	0.550	0.563	0.593	0.612	0.615	0.640	0.655	0.647	0.383	0.384	0.475	0.605	0.487	0.622	0.582	0.640	0.556	0.561	0.577	0.541
7:00:17	37.0	0.339	0.329	0.576	0.592	0.556	0.562	0.622	0.638	0.641	0.626	0.604	0.645	0.311	0.322	0.571	0.595	0.560	0.554	0.625	0.635	0.648	0.623	0.576	0.632	0.376	0.372	0.636	0.656	0.648	0.661	0.700	0.708	0.713	0.703	0.709	0.714	0.353	0.374	0.607	0.678	0.569	0.681	0.554	0.692	0.716	0.649	0.706	0.706	0.338	0.341	0.513	0.531	0.545	0.551	0.588	0.619	0.609	0.591	0.579	0.607	0.335	0.339	0.493	0.522	0.511	0.533	0.591	0.602	0.619	0.611	0.604	0.599	0.356	0.366	0.572	0.599	0.576	0.587	0.628	0.646	0.651	0.671	0.685	0.671	0.388	0.396	0.480	0.621	0.492	0.639	0.618	0.672	0.584	0.582	0.591	0.558
7:10:17	37.0	0.357	0.341	0.594	0.603	0.577	0.581	0.643	0.659	0.657	0.644	0.633	0.648	0.320	0.341	0.591	0.609	0.583	0.577	0.652	0.656	0.669	0.650	0.606	0.644	0.385	0.382	0.643	0.664	0.656	0.670	0.705	0.712	0.715	0.708	0.715	0.718	0.363	0.382	0.612	0.681	0.569	0.687	0.555	0.696	0.721	0.651	0.710	0.709	0.349	0.350	0.541	0.556	0.569	0.578	0.624	0.650	0.643	0.633	0.624	0.642	0.344	0.346	0.535	0.562	0.540	0.561	0.626	0.639	0.651	0.647	0.641	0.632	0.364	0.377	0.603	0.622	0.597	0.605	0.657	0.673	0.679	0.696	0.706	0.687	0.395	0.409	0.486	0.634	0.498	0.656	0.649	0.698	0.608	0.596	0.598	0.569
7:20:17	37.0	0.367	0.349	0.611	0.621	0.600	0.604	0.665	0.674	0.673	0.663	0.656	0.656	0.332	0.348	0.612	0.628	0.601	0.602	0.674	0.675	0.686	0.671	0.631	0.664	0.398	0.397	0.653	0.674	0.665	0.678	0.711	0.719	0.722	0.715	0.719	0.721	0.366	0.398	0.620	0.685	0.572	0.691	0.560	0.701	0.725	0.657	0.716	0.712	0.361	0.360	0.571	0.582	0.591	0.602	0.651	0.673	0.670	0.663	0.660	0.671	0.352	0.355	0.582	0.596	0.568	0.588	0.657	0.668	0.677	0.676	0.670	0.660	0.375	0.386	0.631	0.642	0.618	0.624	0.677	0.691	0.699	0.713	0.723	0.702	0.404	0.419	0.490	0.647	0.503	0.670	0.677	0.720	0.627	0.607	0.603	0.577
7:30:17	37.0	0.370	0.364	0.620	0.635	0.612	0.616	0.673	0.682	0.681	0.670	0.667	0.659	0.339	0.347	0.628	0.644	0.616	0.618	0.686	0.687	0.697	0.682	0.647	0.672	0.409	0.419	0.658	0.678	0.673	0.683	0.715	0.720	0.724	0.717	0.720	0.723	0.372	0.406	0.626	0.687	0.573	0.693	0.562	0.704	0.726	0.659	0.717	0.714	0.365	0.369	0.595	0.606	0.611	0.621	0.668	0.686	0.684	0.684	0.686	0.692	0.362	0.363	0.614	0.622	0.591	0.612	0.674	0.684	0.693	0.695	0.690	0.680	0.385	0.395	0.645	0.651	0.636	0.640	0.690	0.701	0.712	0.724	0.734	0.711	0.414	0.429	0.492	0.655	0.505	0.680	0.693	0.734	0.638	0.612	0.605	0.579
7:40:17	37.0	0.385	0.375	0.628	0.645	0.626	0.635	0.684	0.688	0.689	0.676	0.673	0.666	0.354	0.358	0.641	0.656	0.632	0.637	0.692	0.693	0.702	0.687	0.655	0.679	0.429	0.428	0.662	0.680	0.679	0.687	0.716	0.722	0.725	0.719	0.722	0.725	0.381	0.419	0.630	0.690	0.574	0.695	0.565	0.706	0.728	0.661	0.717	0.715	0.376	0.378	0.616	0.625	0.629	0.638	0.685	0.700	0.697	0.701	0.705	0.709	0.371	0.372	0.636	0.640	0.612	0.630	0.688	0.699	0.704	0.709	0.704	0.695	0.394	0.405	0.653	0.657	0.646	0.648	0.699	0.711	0.722	0.733	0.744	0.717	0.425	0.444	0.493	0.663	0.510	0.690	0.708	0.746	0.647	0.618	0.607	0.580
7:50:17	37.0	0.400	0.386	0.634	0.658	0.642	0.652	0.688	0.697	0.693	0.681	0.678	0.670	0.366	0.371	0.652	0.668	0.650	0.659	0.700	0.701	0.705	0.692	0.667	0.691	0.433	0.440	0.668	0.688	0.689	0.697	0.721	0.727	0.729	0.723	0.724	0.729	0.391	0.431	0.635	0.697	0.580	0.702	0.570	0.710	0.730	0.663	0.720	0.718	0.386	0.388	0.633	0.641	0.644	0.655	0.697	0.709	0.706	0.713	0.720	0.721	0.382	0.383	0.653	0.656	0.631	0.648	0.699	0.709	0.714	0.719	0.715	0.707	0.403	0.419	0.660	0.663	0.655	0.659	0.706	0.718	0.728	0.741	0.752	0.721	0.434	0.459	0.492	0.668	0.510	0.697	0.720	0.754	0.655	0.621	0.608	0.582
8:00:17	37.0	0.411	0.387	0.637	0.661	0.655	0.664	0.686	0.692	0.687	0.678	0.680	0.669	0.370	0.381	0.658	0.672	0.660	0.670	0.700	0.698	0.701	0.691	0.668	0.690	0.444	0.453	0.670	0.688	0.688	0.696	0.721	0.726	0.729	0.723	0.721	0.729	0.403	0.447	0.637	0.697	0.578	0.703	0.571	0.712	0.730	0.663	0.719	0.719	0.398	0.399	0.647	0.651	0.656	0.667	0.702	0.712	0.710	0.721	0.730	0.728	0.392	0.394	0.663	0.665	0.645	0.660	0.704	0.714	0.719	0.725	0.722	0.714	0.414	0.432	0.664	0.667	0.661	0.666	0.711	0.722	0.733	0.747	0.758	0.726	0.443	0.474	0.490	0.671	0.511	0.701	0.729	0.759	0.659	0.622	0.609	0.581
8:10:17	37.0	0.420	0.400	0.639	0.661	0.665	0.670	0.688	0.691	0.688	0.676	0.678	0.665	0.376	0.390	0.665	0.675	0.667	0.678	0.698	0.697	0.700	0.688	0.669	0.692	0.458	0.469	0.673	0.689	0.690	0.699	0.722	0.727	0.730	0.723	0.722	0.732	0.414	0.462	0.638	0.699	0.576	0.706	0.571	0.715	0.733	0.662	0.720	0.722	0.411	0.416	0.657	0.658	0.664	0.677	0.708	0.716	0.714	0.728	0.735	0.734	0.402	0.408	0.672	0.675	0.656	0.672	0.707	0.716	0.722	0.727	0.728	0.720	0.425	0.446	0.666	0.670	0.667	0.674	0.715	0.725	0.737	0.751	0.761	0.732	0.451	0.487	0.487	0.676	0.509	0.705	0.735	0.764	0.662	0.624	0.609	0.580
8:20:17	37.0	0.435	0.410	0.638	0.661	0.673	0.678	0.687	0.693	0.690	0.678	0.678	0.659	0.393	0.402	0.670	0.681	0.682	0.689	0.702	0.699	0.701	0.686	0.671	0.690	0.472	0.483	0.680	0.695	0.696	0.705	0.727	0.732	0.736	0.728	0.723	0.736	0.427	0.477	0.643	0.705	0.580	0.710	0.574	0.718	0.736	0.659	0.724	0.726	0.429	0.432	0.663	0.666	0.672	0.684	0.715	0.723	0.720	0.736	0.742	0.740	0.414	0.422	0.676	0.682	0.667	0.680	0.714	0.724	0.727	0.735	0.734	0.725	0.437	0.461	0.669	0.674	0.672	0.679	0.720	0.730	0.742	0.756	0.767	0.737	0.457	0.502	0.482	0.678	0.507	0.709	0.740	0.768	0.664	0.624	0.608	0.577
8:30:17	37.0	0.451	0.428	0.636	0.649	0.675	0.682	0.687	0.693	0.691	0.678	0.677	0.659	0.407	0.414	0.667	0.677	0.685	0.692	0.704	0.698	0.699	0.686	0.672	0.681	0.489	0.501	0.681	0.697	0.698	0.706	0.728	0.733	0.737	0.729	0.723	0.736	0.440	0.496	0.645	0.706	0.578	0.713	0.574	0.718	0.738	0.662	0.725	0.727	0.449	0.450	0.670	0.669	0.674	0.688	0.718	0.725	0.722	0.739	0.746	0.743	0.424	0.437	0.680	0.686	0.675	0.687	0.717	0.727	0.730	0.737	0.737	0.729	0.450	0.478	0.671	0.678	0.676	0.682	0.724	0.734	0.746	0.760	0.770	0.740	0.464	0.516	0.477	0.679	0.504	0.711	0.745	0.772	0.665	0.623	0.609	0.575
8:40:17	37.0	0.466	0.436	0.633	0.650	0.673	0.683	0.682	0.689	0.688	0.675	0.673	0.660	0.421	0.427	0.667	0.678	0.688	0.693	0.698	0.695	0.695	0.680	0.664	0.684	0.505	0.513	0.681	0.697	0.702	0.711	0.727	0.733	0.738	0.730	0.723	0.737	0.453	0.515	0.647	0.708	0.580	0.717	0.578	0.718	0.739	0.667	0.727	0.730	0.462	0.465	0.675	0.671	0.678	0.695	0.720	0.725	0.722	0.740	0.747	0.747	0.438	0.450	0.683	0.690	0.680	0.692	0.718	0.728	0.729	0.738	0.738	0.733	0.465	0.497	0.673	0.681	0.680	0.687	0.725	0.735	0.747	0.762	0.773	0.745	0.470	0.529	0.474	0.684	0.501	0.715	0.749	0.774	0.670	0.625	0.610	0.574
8:50:17	37.0	0.480	0.447	0.635	0.656	0.678	0.684	0.680	0.689	0.688	0.675	0.673	0.663	0.434	0.440	0.671	0.682	0.692	0.695	0.699	0.695	0.693	0.680	0.666	0.686	0.518	0.529	0.685	0.700	0.703	0.713	0.729	0.734	0.741	0.730	0.723	0.735	0.465	0.530	0.646	0.709	0.579	0.719	0.579	0.721	0.739	0.671	0.728	0.730	0.483	0.485	0.678	0.672	0.679	0.696	0.719	0.724	0.720	0.739	0.747	0.749	0.449	0.465	0.683	0.690	0.679	0.694	0.717	0.727	0.728	0.737	0.738	0.736	0.484	0.516	0.674	0.682	0.683	0.689	0.724	0.735	0.747	0.762	0.773	0.747	0.477	0.545	0.468	0.685	0.496	0.715	0.751	0.774	0.670	0.625	0.608	0.570
9:00:17	37.0	0.501	0.467	0.631	0.639	0.672	0.678	0.678	0.689	0.686	0.674	0.670	0.663	0.450	0.455	0.662	0.675	0.694	0.697	0.696	0.695	0.692	0.676	0.664	0.683	0.529	0.543	0.686	0.702	0.705	0.714	0.728	0.734	0.739	0.728	0.721	0.733	0.477	0.546	0.648	0.712	0.580	0.721	0.580	0.724	0.741	0.668	0.727	0.730	0.503	0.505	0.682	0.676	0.684	0.697	0.722	0.727	0.722	0.742	0.750	0.754	0.464	0.485	0.685	0.694	0.684	0.698	0.720	0.729	0.730	0.739	0.742	0.743	0.504	0.534	0.677	0.686	0.690	0.694	0.728	0.739	0.752	0.766	0.778	0.754	0.483	0.562	0.468	0.689	0.495	0.720	0.757	0.778	0.674	0.628	0.611	0.570
9:10:17	37.0	0.514	0.479	0.639	0.659	0.679	0.681	0.676	0.688	0.690	0.679	0.673	0.668	0.466	0.469	0.666	0.674	0.694	0.699	0.694	0.696	0.694	0.680	0.669	0.690	0.549	0.562	0.689	0.705	0.707	0.717	0.731	0.736	0.743	0.732	0.724	0.734	0.487	0.563	0.648	0.714	0.580	0.721	0.586	0.726	0.744	0.676	0.729	0.730	0.524	0.519	0.681	0.676	0.689	0.701	0.721	0.726	0.721	0.743	0.753	0.758	0.480	0.501	0.686	0.697	0.685	0.700	0.721	0.729	0.731	0.742	0.745	0.749	0.529	0.560	0.681	0.689	0.692	0.699	0.729	0.740	0.753	0.767	0.780	0.759	0.488	0.574	0.465	0.691	0.492	0.723	0.760	0.780	0.678	0.630	0.611	0.567
9:20:17	37.0	0.531	0.502	0.640	0.652	0.676	0.677	0.675	0.685	0.686	0.674	0.670	0.665	0.480	0.485	0.665	0.673	0.692	0.697	0.693	0.692	0.690	0.677	0.663	0.692	0.558	0.574	0.689	0.703	0.707	0.718	0.731	0.736	0.741	0.727	0.721	0.731	0.496	0.578	0.647	0.714	0.583	0.724	0.585	0.724	0.740	0.678	0.727	0.730	0.546	0.539	0.680	0.679	0.687	0.703	0.721	0.724	0.718	0.740	0.751	0.758	0.496	0.517	0.687	0.698	0.689	0.700	0.719	0.727	0.728	0.740	0.744	0.751	0.558	0.584	0.684	0.692	0.695	0.702	0.730	0.741	0.753	0.768	0.780	0.762	0.495	0.586	0.463	0.694	0.491	0.727	0.764	0.779	0.680	0.630	0.610	0.564
9:30:17	37.0	0.555	0.515	0.643	0.654	0.674	0.675	0.679	0.689	0.689	0.677	0.676	0.673	0.497	0.507	0.668	0.674	0.691	0.695	0.696	0.696	0.693	0.682	0.668	0.698	0.576	0.583	0.691	0.706	0.712	0.721	0.734	0.739	0.744	0.728	0.725	0.740	0.506	0.589	0.651	0.715	0.582	0.727	0.596	0.725	0.746	0.674	0.730	0.731	0.565	0.556	0.682	0.683	0.690	0.705	0.723	0.724	0.719	0.744	0.753	0.763	0.512	0.534	0.691	0.701	0.690	0.703	0.722	0.730	0.731	0.742	0.748	0.754	0.595	0.611	0.687	0.695	0.701	0.707	0.733	0.745	0.757	0.771	0.782	0.769	0.500	0.599	0.464	0.699	0.493	0.730	0.769	0.782	0.683	0.632	0.611	0.563
9:40:17	37.0	0.577	0.531	0.646	0.658	0.676	0.677	0.685	0.692	0.693	0.680	0.679	0.675	0.513	0.521	0.672	0.678	0.691	0.697	0.698	0.700	0.698	0.687	0.673	0.701	0.591	0.597	0.695	0.709	0.716	0.724	0.739	0.742	0.746	0.729	0.729	0.749	0.515	0.603	0.658	0.719	0.590	0.732	0.604	0.726	0.747	0.685	0.735	0.744	0.587	0.578	0.686	0.690	0.696	0.709	0.726	0.727	0.721	0.747	0.760	0.769	0.535	0.557	0.695	0.705	0.695	0.707	0.726	0.734	0.734	0.747	0.752	0.762	0.640	0.640	0.689	0.701	0.708	0.714	0.736	0.749	0.761	0.775	0.788	0.776	0.508	0.612	0.464	0.706	0.494	0.736	0.779	0.789	0.689	0.633	0.610	0.559
9:50:17	37.0	0.595	0.549	0.647	0.660	0.673	0.672	0.685	0.692	0.694	0.681	0.680	0.670	0.527	0.535	0.671	0.678	0.688	0.696	0.697	0.699	0.698	0.687	0.671	0.700	0.599	0.608	0.697	0.709	0.716	0.723	0.739	0.742	0.743	0.725	0.728	0.753	0.522	0.608	0.657	0.717	0.589	0.732	0.585	0.724	0.745	0.689	0.732	0.736	0.605	0.594	0.686	0.690	0.694	0.707	0.721	0.723	0.716	0.741	0.755	0.766	0.557	0.572	0.697	0.708	0.695	0.709	0.721	0.729	0.728	0.741	0.747	0.761	0.669	0.657	0.690	0.701	0.707	0.715	0.734	0.745	0.756	0.771	0.783	0.778	0.509	0.620	0.462	0.706	0.493	0.738	0.773	0.784	0.685	0.629	0.606	0.551
10:00:17	37.0	0.606	0.560	0.649	0.660	0.671	0.671	0.687	0.694	0.694	0.680	0.684	0.676	0.543	0.550	0.671	0.678	0.687	0.693	0.699	0.699	0.700	0.689	0.673	0.705	0.611	0.610	0.699	0.712	0.719	0.725	0.740	0.744	0.745	0.727	0.731	0.755	0.526	0.620	0.659	0.720	0.586	0.735	0.592	0.725	0.747	0.690	0.734	0.735	0.627	0.611	0.687	0.692	0.696	0.708	0.723	0.723	0.717	0.742	0.755	0.768	0.578	0.590	0.699	0.710	0.697	0.712	0.723	0.729	0.728	0.742	0.748	0.766	0.689	0.670	0.691	0.702	0.709	0.716	0.735	0.747	0.759	0.771	0.784	0.782	0.514	0.630	0.460	0.710	0.492	0.740	0.778	0.787	0.689	0.629	0.606	0.547
10:10:17	37.0	0.618	0.573	0.648	0.659	0.671	0.671	0.690	0.695	0.695	0.678	0.686	0.673	0.558	0.565	0.670	0.678	0.687	0.693	0.702	0.701	0.703	0.696	0.676	0.706	0.616	0.617	0.700	0.714	0.720	0.726	0.741	0.744	0.744	0.730	0.735	0.762	0.532	0.632	0.662	0.720	0.594	0.735	0.606	0.727	0.748	0.696	0.735	0.740	0.642	0.625	0.689	0.692	0.697	0.709	0.722	0.723	0.716	0.741	0.754	0.771	0.602	0.608	0.701	0.711	0.701	0.714	0.723	0.730	0.729	0.741	0.748	0.768	0.700	0.679	0.691	0.705	0.712	0.718	0.734	0.748	0.758	0.771	0.784	0.785	0.518	0.637	0.460	0.713	0.492	0.742	0.782	0.788	0.692	0.631	0.606	0.543
10:20:17	37.0	0.633	0.590	0.650	0.661	0.673	0.671	0.692	0.698	0.697	0.681	0.689	0.672	0.573	0.583	0.672	0.679	0.686	0.692	0.704	0.703	0.706	0.698	0.678	0.709	0.624	0.626	0.702	0.715	0.720	0.726	0.742	0.745	0.746	0.732	0.738	0.764	0.538	0.646	0.665	0.719	0.603	0.737	0.601	0.729	0.748	0.701	0.737	0.742	0.656	0.640	0.691	0.693	0.698	0.710	0.720	0.720	0.714	0.739	0.751	0.769	0.622	0.624	0.702	0.711	0.704	0.714	0.721	0.727	0.727	0.738	0.745	0.771	0.707	0.687	0.691	0.705	0.714	0.720	0.735	0.748	0.756	0.771	0.785	0.790	0.521	0.645	0.458	0.716	0.491	0.746	0.785	0.788	0.693	0.629	0.606	0.539
10:30:17	37.0	0.644	0.600	0.654	0.664	0.674	0.672	0.697	0.703	0.702	0.682	0.693	0.672	0.591	0.599	0.675	0.681	0.686	0.693	0.708	0.708	0.711	0.705	0.685	0.718	0.641	0.643	0.707	0.720	0.725	0.729	0.746	0.749	0.752	0.738	0.743	0.776	0.542	0.658	0.672	0.723	0.603	0.741	0.598	0.732	0.754	0.706	0.740	0.751	0.668	0.651	0.692	0.694	0.698	0.712	0.722	0.722	0.716	0.740	0.753	0.773	0.640	0.636	0.705	0.714	0.707	0.717	0.723	0.729	0.728	0.740	0.748	0.774	0.715	0.695	0.693	0.707	0.717	0.724	0.736	0.749	0.759	0.771	0.786	0.794	0.520	0.649	0.457	0.716	0.490	0.747	0.787	0.790	0.693	0.625	0.603	0.533
10:40:17	37.0	0.657	0.611	0.657	0.667	0.676	0.676	0.700	0.705	0.705	0.684	0.697	0.667	0.608	0.615	0.679	0.685	0.688	0.694	0.711	0.709	0.714	0.709	0.689	0.724	0.654	0.655	0.709	0.722	0.727	0.732	0.749	0.752	0.752	0.737	0.747	0.778	0.549	0.668	0.676	0.726	0.610	0.742	0.606	0.734	0.755	0.698	0.742	0.749	0.681	0.661	0.694	0.696	0.699	0.713	0.722	0.721	0.717	0.739	0.752	0.774	0.651	0.645	0.707	0.715	0.708	0.716	0.722	0.729	0.728	0.740	0.748	0.776	0.718	0.699	0.695	0.708	0.718	0.726	0.737	0.749	0.762	0.771	0.785	0.797	0.523	0.657	0.456	0.719	0.489	0.748	0.790	0.793	0.697	0.625	0.601	0.528
10:50:17	37.0	0.667	0.623	0.659	0.670	0.679	0.678	0.704	0.710	0.710	0.685	0.701	0.675	0.623	0.629	0.680	0.687	0.691	0.697	0.716	0.713	0.719	0.716	0.694	0.725	0.670	0.667	0.712	0.725	0.729	0.735	0.753	0.754	0.755	0.732	0.750	0.782	0.556	0.679	0.677	0.729	0.605	0.742	0.615	0.734	0.758	0.711	0.747	0.754	0.691	0.670	0.696	0.696	0.700	0.713	0.722	0.720	0.717	0.738	0.753	0.774	0.661	0.657	0.710	0.716	0.707	0.718	0.723	0.730	0.729	0.740	0.748	0.777	0.723	0.705	0.697	0.710	0.720	0.729	0.739	0.750	0.762	0.772	0.786	0.801	0.521	0.662	0.455	0.721	0.487	0.752	0.795	0.794	0.698	0.623	0.599	0.524
11:00:17	37.0	0.678	0.634	0.663	0.674	0.682	0.679	0.708	0.713	0.712	0.687	0.705	0.678	0.639	0.646	0.682	0.689	0.692	0.698	0.717	0.717	0.725	0.720	0.698	0.732	0.684	0.678	0.716	0.728	0.732	0.738	0.757	0.758	0.757	0.734	0.753	0.788	0.561	0.690	0.685	0.733	0.609	0.743	0.627	0.740	0.758	0.702	0.752	0.751	0.697	0.677	0.699	0.700	0.700	0.713	0.724	0.722	0.719	0.740	0.755	0.775	0.670	0.665	0.712	0.719	0.708	0.719	0.724	0.729	0.729	0.740	0.748	0.783	0.727	0.710	0.701	0.713	0.721	0.728	0.740	0.753	0.761	0.774	0.787	0.806	0.521	0.668	0.454	0.725	0.487	0.756	0.799	0.797	0.700	0.620	0.598	0.519
11:10:17	37.0	0.682	0.640	0.668	0.680	0.685	0.684	0.713	0.718	0.719	0.692	0.711	0.686	0.654	0.655	0.685	0.693	0.695	0.702	0.723	0.720	0.725	0.726	0.709	0.742	0.696	0.691	0.719	0.731	0.735	0.741	0.762	0.762	0.759	0.739	0.759	0.788	0.566	0.697	0.684	0.735	0.624	0.745	0.620	0.745	0.761	0.723	0.756	0.757	0.706	0.684	0.701	0.701	0.701	0.713	0.724	0.723	0.721	0.742	0.757	0.779	0.681	0.671	0.715	0.720	0.711	0.719	0.727	0.732	0.731	0.720	0.751	0.784	0.732	0.713	0.703	0.716	0.724	0.729	0.741	0.755	0.763	0.776	0.789	0.810	0.519	0.671	0.453	0.730	0.486	0.761	0.801	0.800	0.699	0.619	0.597	0.515
11:20:17	37.0	0.686	0.646	0.669	0.684	0.688	0.687	0.718	0.721	0.718	0.693	0.713	0.684	0.665	0.664	0.689	0.695	0.698	0.705	0.726	0.726	0.730	0.728	0.711	0.746	0.706	0.700	0.723	0.735	0.737	0.744	0.766	0.765	0.762	0.742	0.764	0.792	0.570	0.706	0.685	0.739	0.635	0.748	0.624	0.747	0.761	0.736	0.759	0.768	0.717	0.690	0.703	0.702	0.702	0.713	0.724	0.724	0.720	0.740	0.755	0.780	0.688	0.679	0.716	0.722	0.711	0.719	0.727	0.732	0.731	0.740	0.750	0.786	0.736	0.715	0.706	0.720	0.725	0.730	0.744	0.757	0.763	0.777	0.789	0.813	0.518	0.675	0.452	0.732	0.485	0.757	0.805	0.802	0.702	0.617	0.594	0.510
11:30:17	37.0	0.693	0.654	0.673	0.687	0.690	0.688	0.722	0.724	0.721	0.699	0.713	0.695	0.677	0.674	0.691	0.697	0.699	0.707	0.729	0.730	0.732	0.731	0.713	0.754	0.713	0.706	0.727	0.738	0.740	0.746	0.770	0.767	0.764	0.745	0.767	0.803	0.574	0.710	0.688	0.744	0.642	0.749	0.628	0.751	0.764	0.734	0.762	0.766	0.719	0.693	0.705	0.704	0.700	0.714	0.724	0.723	0.720	0.739	0.755	0.780	0.692	0.685	0.718	0.723	0.712	0.722	0.727	0.732	0.731	0.739	0.748	0.789	0.740	0.716	0.707	0.721	0.725	0.731	0.746	0.756	0.765	0.776	0.788	0.813	0.515	0.676	0.451	0.737	0.484	0.760	0.804	0.803	0.700	0.615	0.592	0.506
11:40:17	37.0	0.699	0.659	0.676	0.691	0.694	0.692	0.728	0.727	0.726	0.707	0.718	0.702	0.686	0.684	0.693	0.702	0.702	0.709	0.734	0.734	0.735	0.735	0.720	0.760	0.720	0.711	0.730	0.742	0.745	0.750	0.774	0.774	0.768	0.748	0.772	0.820	0.579	0.716	0.699	0.747	0.645	0.750	0.632	0.757	0.769	0.743	0.767	0.778	0.726	0.701	0.708	0.705	0.702	0.714	0.727	0.726	0.721	0.739	0.756	0.780	0.695	0.694	0.720	0.726	0.714	0.723	0.729	0.734	0.733	0.740	0.750	0.791	0.742	0.719	0.710	0.724	0.726	0.730	0.747	0.758	0.767	0.778	0.790	0.818	0.515	0.679	0.450	0.739	0.484	0.768	0.809	0.806	0.700	0.611	0.590	0.502
11:50:17	37.0	0.703	0.662	0.680	0.695	0.697	0.696	0.732	0.731	0.733	0.706	0.721	0.695	0.693	0.691	0.696	0.706	0.705	0.713	0.738	0.738	0.741	0.740	0.723	0.767	0.730	0.720	0.734	0.747	0.749	0.753	0.778	0.779	0.771	0.754	0.777	0.822	0.584	0.722	0.698	0.750	0.651	0.753	0.633	0.761	0.773	0.756	0.772	0.794	0.728	0.705	0.710	0.709	0.704	0.717	0.730	0.727	0.723	0.741	0.758	0.783	0.700	0.695	0.722	0.727	0.716	0.724	0.730	0.736	0.734	0.742	0.752	0.794	0.745	0.718	0.712	0.727	0.731	0.733	0.750	0.760	0.768	0.781	0.794	0.822	0.511	0.680	0.451	0.743	0.483	0.773	0.813	0.811	0.701	0.610	0.587	0.498
12:00:17	37.0	0.709	0.667	0.683	0.699	0.701	0.701	0.735	0.736	0.735	0.708	0.723	0.706	0.699	0.697	0.699	0.710	0.709	0.719	0.743	0.741	0.744	0.744	0.728	0.772	0.732	0.724	0.737	0.749	0.751	0.756	0.783	0.781	0.774	0.755	0.781	0.823	0.586	0.726	0.705	0.753	0.646	0.753	0.632	0.764	0.775	0.752	0.774	0.790	0.732	0.710	0.713	0.710	0.704	0.719	0.729	0.727	0.724	0.740	0.758	0.783	0.700	0.700	0.724	0.732	0.719	0.727	0.730	0.735	0.735	0.743	0.752	0.794	0.747	0.721	0.715	0.729	0.733	0.733	0.751	0.759	0.768	0.781	0.792	0.824	0.510	0.682	0.451	0.749	0.482	0.781	0.814	0.813	0.700	0.607	0.585	0.495
12:10:17	37.0	0.713	0.667	0.688	0.701	0.704	0.702	0.743	0.738	0.732	0.712	0.729	0.700	0.705	0.703	0.702	0.714	0.711	0.722	0.747	0.745	0.748	0.748	0.731	0.773	0.738	0.729	0.741	0.753	0.753	0.758	0.786	0.787	0.778	0.760	0.785	0.827	0.591	0.731	0.701	0.753	0.647	0.756	0.638	0.769	0.777	0.749	0.778	0.791	0.731	0.712	0.715	0.711	0.708	0.719	0.730	0.729	0.725	0.743	0.759	0.787	0.701	0.701	0.728	0.735	0.719	0.729	0.732	0.736	0.736	0.744	0.754	0.798	0.749	0.724	0.718	0.731	0.734	0.738	0.753	0.762	0.770	0.783	0.795	0.829	0.509	0.685	0.452	0.750	0.484	0.787	0.817	0.815	0.698	0.604	0.581	0.492
12:20:17	37.0	0.715	0.667	0.691	0.704	0.708	0.707	0.746	0.742	0.739	0.719	0.729	0.709	0.714	0.704	0.707	0.717	0.716	0.725	0.753	0.749	0.756	0.752	0.729	0.785	0.741	0.731	0.744	0.757	0.756	0.763	0.791	0.792	0.780	0.763	0.789	0.828	0.595	0.734	0.703	0.757	0.660	0.758	0.637	0.773	0.782	0.757	0.781	0.795	0.735	0.715	0.719	0.713	0.709	0.721	0.732	0.731	0.727	0.744	0.760	0.789	0.704	0.706	0.731	0.737	0.722	0.734	0.734	0.738	0.738	0.745	0.756	0.800	0.753	0.726	0.723	0.735	0.732	0.739	0.757	0.764	0.771	0.786	0.799	0.833	0.507	0.686	0.450	0.754	0.482	0.796	0.820	0.820	0.696	0.600	0.577	0.489
12:30:17	37.0	0.712	0.668	0.695	0.709	0.713	0.710	0.750	0.747	0.744	0.721	0.733	0.708	0.716	0.706	0.712	0.722	0.720	0.730	0.756	0.753	0.760	0.755	0.734	0.784	0.744	0.734	0.748	0.762	0.760	0.769	0.795	0.795	0.786	0.766	0.794	0.828	0.598	0.738	0.701	0.761	0.649	0.760	0.640	0.775	0.784	0.772	0.785	0.803	0.734	0.713	0.723	0.716	0.708	0.722	0.734	0.733	0.729	0.745	0.762	0.791	0.706	0.705	0.734	0.741	0.723	0.737	0.736	0.739	0.739	0.747	0.757	0.802	0.754	0.729	0.727	0.739	0.736	0.734	0.759	0.766	0.773	0.787	0.801	0.838	0.507	0.691	0.451	0.758	0.482	0.795	0.823	0.821	0.695	0.597	0.572	0.487
12:40:17	37.0	0.712	0.667	0.698	0.713	0.716	0.714	0.755	0.751	0.753	0.728	0.739	0.726	0.719	0.709	0.714	0.727	0.724	0.731	0.761	0.757	0.766	0.761	0.743	0.798	0.745	0.735	0.751	0.764	0.763	0.772	0.798	0.800	0.790	0.769	0.801	0.843	0.601	0.740	0.707	0.768	0.656	0.766	0.650	0.780	0.789	0.780	0.790	0.810	0.731	0.714	0.726	0.718	0.710	0.724	0.735	0.734	0.731	0.746	0.763	0.794	0.706	0.697	0.738	0.745	0.725	0.738	0.737	0.740	0.741	0.749	0.758	0.805	0.757	0.730	0.731	0.744	0.737	0.737	0.759	0.768	0.774	0.789	0.803	0.841	0.508	0.694	0.449	0.763	0.483	0.804	0.826	0.823	0.694	0.596	0.569	0.485
12:50:17	37.0	0.709	0.668	0.701	0.716	0.718	0.713	0.759	0.754	0.750	0.734	0.740	0.727	0.722	0.713	0.718	0.729	0.726	0.735	0.764	0.760	0.768	0.764	0.753	0.801	0.748	0.736	0.754	0.767	0.767	0.776	0.802	0.803	0.795	0.773	0.806	0.852	0.605	0.742	0.710	0.770	0.663	0.768	0.613	0.783	0.794	0.788	0.793	0.814	0.729	0.715	0.731	0.718	0.712	0.726	0.735	0.734	0.731	0.746	0.764	0.794	0.708	0.696	0.741	0.748	0.727	0.741	0.738	0.741	0.741	0.750	0.760	0.805	0.759	0.734	0.736	0.746	0.740	0.738	0.761	0.769	0.775	0.789	0.804	0.843	0.508	0.697	0.449	0.763	0.481	0.809	0.824	0.824	0.691	0.590	0.564	0.484
13:00:17	37.0	0.706	0.668	0.704	0.720	0.721	0.717	0.764	0.758	0.757	0.743	0.746	0.739	0.722	0.714	0.722	0.733	0.730	0.738	0.768	0.763	0.772	0.769	0.750	0.814	0.749	0.737	0.758	0.773	0.772	0.781	0.807	0.808	0.800	0.778	0.811	0.863	0.610	0.746	0.717	0.774	0.675	0.773	0.643	0.790	0.797	0.793	0.799	0.826	0.730	0.715	0.733	0.721	0.711	0.729	0.736	0.735	0.733	0.748	0.767	0.798	0.712	0.701	0.744	0.751	0.731	0.743	0.740	0.744	0.743	0.751	0.761	0.808	0.763	0.735	0.739	0.749	0.743	0.739	0.764	0.771	0.775	0.791	0.806	0.847	0.506	0.703	0.449	0.765	0.482	0.814	0.829	0.826	0.691	0.588	0.559	0.482
13:10:17	37.0	0.704	0.667	0.707	0.722	0.726	0.717	0.768	0.761	0.765	0.743	0.749	0.735	0.720	0.712	0.726	0.737	0.733	0.742	0.773	0.769	0.777	0.772	0.753	0.818	0.746	0.737	0.761	0.776	0.775	0.785	0.812	0.812	0.805	0.782	0.816	0.865	0.610	0.747	0.715	0.778	0.679	0.775	0.676	0.795	0.801	0.792	0.802	0.838	0.732	0.716	0.737	0.724	0.712	0.731	0.737	0.736	0.735	0.749	0.765	0.799	0.711	0.706	0.746	0.754	0.732	0.742	0.740	0.743	0.744	0.751	0.762	0.811	0.767	0.736	0.743	0.753	0.746	0.741	0.766	0.773	0.777	0.793	0.808	0.851	0.507	0.704	0.448	0.772	0.481	0.816	0.833	0.829	0.688	0.585	0.554	0.480
13:20:17	37.0	0.701	0.667	0.711	0.727	0.727	0.717	0.773	0.764	0.776	0.742	0.750	0.754	0.719	0.715	0.731	0.740	0.735	0.746	0.776	0.773	0.782	0.777	0.766	0.822	0.751	0.735	0.765	0.779	0.780	0.788	0.816	0.815	0.809	0.789	0.821	0.876	0.614	0.747	0.708	0.780	0.699	0.779	0.634	0.800	0.805	0.812	0.809	0.842	0.732	0.717	0.740	0.726	0.716	0.734	0.739	0.738	0.735	0.751	0.768	0.804	0.712	0.709	0.747	0.756	0.734	0.743	0.742	0.746	0.745	0.754	0.763	0.813	0.766	0.740	0.746	0.756	0.747	0.743	0.767	0.773	0.780	0.795	0.810	0.853	0.505	0.707	0.449	0.774	0.482	0.822	0.835	0.831	0.687	0.581	0.549	0.477
13:30:17	37.0	0.697	0.666	0.714	0.732	0.732	0.724	0.779	0.769	0.769	0.753	0.753	0.742	0.715	0.710	0.733	0.743	0.739	0.750	0.781	0.778	0.786	0.780	0.776	0.828	0.751	0.738	0.769	0.783	0.785	0.792	0.819	0.818	0.813	0.794	0.826	0.886	0.619	0.751	0.718	0.783	0.687	0.781	0.656	0.803	0.810	0.812	0.816	0.844	0.732	0.718	0.743	0.730	0.709	0.737	0.741	0.740	0.738	0.753	0.770	0.802	0.713	0.712	0.750	0.758	0.735	0.746	0.744	0.748	0.747	0.756	0.766	0.815	0.769	0.742	0.748	0.759	0.751	0.746	0.769	0.776	0.782	0.799	0.813	0.857	0.506	0.711	0.449	0.776	0.482	0.821	0.840	0.836	0.688	0.577	0.542	0.475
13:40:17	37.0	0.695	0.669	0.718	0.735	0.736	0.730	0.784	0.773	0.774	0.761	0.756	0.763	0.715	0.715	0.736	0.747	0.742	0.754	0.785	0.782	0.791	0.784	0.781	0.838	0.753	0.740	0.773	0.787	0.788	0.797	0.824	0.822	0.816	0.800	0.831	0.894	0.622	0.752	0.719	0.787	0.700	0.783	0.685	0.807	0.813	0.805	0.821	0.855	0.733	0.718	0.747	0.733	0.714	0.740	0.743	0.742	0.741	0.755	0.770	0.807	0.713	0.712	0.753	0.762	0.738	0.746	0.746	0.749	0.749	0.757	0.768	0.817	0.770	0.745	0.752	0.763	0.755	0.746	0.772	0.777	0.784	0.800	0.816	0.859	0.504	0.714	0.449	0.779	0.481	0.828	0.843	0.840	0.683	0.573	0.538	0.470
13:50:17	37.0	0.694	0.670	0.722	0.739	0.738	0.728	0.788	0.776	0.778	0.765	0.761	0.747	0.716	0.714	0.740	0.752	0.747	0.757	0.789	0.788	0.794	0.790	0.787	0.848	0.752	0.737	0.777	0.792	0.793	0.800	0.829	0.828	0.820	0.804	0.836	0.897	0.623	0.753	0.713	0.791	0.685	0.787	0.631	0.812	0.818	0.818	0.826	0.848	0.735	0.718	0.750	0.736	0.718	0.741	0.745	0.744	0.742	0.756	0.772	0.808	0.715	0.716	0.755	0.764	0.739	0.749	0.748	0.750	0.750	0.758	0.770	0.819	0.772	0.749	0.755	0.765	0.760	0.750	0.774	0.778	0.785	0.802	0.819	0.858	0.503	0.715	0.449	0.783	0.481	0.833	0.843	0.841	0.683	0.568	0.532	0.469
14:00:17	37.0	0.689	0.672	0.725	0.742	0.743	0.729	0.793	0.778	0.789	0.769	0.765	0.774	0.713	0.707	0.746	0.756	0.750	0.762	0.794	0.791	0.799	0.794	0.791	0.858	0.751	0.736	0.781	0.796	0.796	0.803	0.833	0.831	0.823	0.810	0.841	0.910	0.626	0.754	0.719	0.796	0.688	0.792	0.674	0.818	0.822	0.818	0.829	0.858	0.735	0.717	0.753	0.737	0.717	0.743	0.747	0.745	0.743	0.760	0.776	0.809	0.717	0.714	0.758	0.767	0.743	0.753	0.750	0.752	0.753	0.760	0.772	0.818	0.774	0.751	0.760	0.770	0.762	0.755	0.777	0.781	0.788	0.805	0.822	0.863	0.501	0.720	0.449	0.782	0.480	0.833	0.847	0.843	0.677	0.563	0.529	0.466
14:10:17	37.0	0.684	0.670	0.729	0.746	0.747	0.736	0.798	0.783	0.791	0.774	0.771	0.768	0.716	0.711	0.748	0.760	0.755	0.764	0.800	0.797	0.806	0.801	0.798	0.856	0.753	0.739	0.785	0.800	0.803	0.809	0.837	0.836	0.827	0.814	0.847	0.921	0.631	0.756	0.723	0.801	0.673	0.795	0.654	0.823	0.825	0.833	0.833	0.871	0.736	0.720	0.757	0.741	0.716	0.745	0.749	0.747	0.745	0.760	0.778	0.815	0.718	0.717	0.762	0.771	0.745	0.753	0.750	0.754	0.756	0.763	0.774	0.824	0.778	0.755	0.764	0.775	0.762	0.757	0.780	0.782	0.790	0.808	0.824	0.866	0.498	0.717	0.448	0.788	0.481	0.842	0.851	0.847	0.678	0.559	0.525	0.464
14:20:17	37.0	0.687	0.670	0.732	0.749	0.750	0.739	0.802	0.785	0.792	0.778	0.770	0.765	0.703	0.702	0.753	0.764	0.758	0.767	0.805	0.800	0.810	0.805	0.801	0.855	0.747	0.739	0.789	0.803	0.805	0.812	0.841	0.839	0.832	0.820	0.852	0.928	0.628	0.755	0.723	0.806	0.694	0.797	0.684	0.826	0.830	0.844	0.838	0.878	0.737	0.720	0.761	0.744	0.718	0.746	0.750	0.748	0.746	0.763	0.779	0.817	0.715	0.720	0.765	0.773	0.745	0.757	0.752	0.755	0.756	0.763	0.776	0.824	0.784	0.761	0.767	0.779	0.764	0.761	0.782	0.785	0.790	0.810	0.825	0.867	0.496	0.728	0.446	0.789	0.480	0.844	0.851	0.851	0.673	0.553	0.518	0.461
14:30:17	37.0	0.686	0.663	0.736	0.753	0.752	0.744	0.805	0.788	0.791	0.794	0.780	0.765	0.701	0.703	0.755	0.768	0.764	0.772	0.809	0.807	0.815	0.810	0.809	0.865	0.744	0.737	0.792	0.807	0.810	0.816	0.845	0.844	0.837	0.827	0.857	0.931	0.628	0.758	0.730	0.811	0.701	0.803	0.683	0.833	0.835	0.844	0.843	0.893	0.740	0.723	0.764	0.749	0.721	0.749	0.753	0.750	0.750	0.766	0.782	0.818	0.715	0.723	0.769	0.774	0.746	0.760	0.755	0.758	0.759	0.767	0.781	0.826	0.786	0.764	0.772	0.781	0.768	0.766	0.783	0.786	0.792	0.814	0.830	0.867	0.491	0.728	0.446	0.790	0.480	0.847	0.854	0.853	0.666	0.550	0.513	0.457
14:40:17	37.0	0.680	0.659	0.739	0.757	0.756	0.748	0.809	0.791	0.797	0.790	0.784	0.764	0.701	0.698	0.761	0.771	0.766	0.774	0.816	0.812	0.820	0.815	0.815	0.864	0.742	0.730	0.796	0.811	0.813	0.820	0.850	0.849	0.842	0.835	0.864	0.941	0.632	0.759	0.730	0.815	0.684	0.805	0.651	0.838	0.840	0.855	0.846	0.897	0.740	0.724	0.767	0.751	0.724	0.751	0.753	0.752	0.750	0.768	0.783	0.821	0.714	0.729	0.770	0.776	0.748	0.762	0.755	0.759	0.760	0.768	0.780	0.827	0.791	0.768	0.776	0.785	0.771	0.771	0.785	0.788	0.795	0.816	0.831	0.871	0.489	0.736	0.444	0.793	0.479	0.848	0.854	0.857	0.667	0.542	0.509	0.455
14:50:17	37.0	0.682	0.657	0.742	0.761	0.761	0.755	0.813	0.795	0.800	0.797	0.788	0.785	0.700	0.699	0.766	0.776	0.771	0.778	0.821	0.818	0.823	0.819	0.821	0.867	0.740	0.734	0.799	0.814	0.816	0.824	0.854	0.854	0.846	0.842	0.869	0.950	0.628	0.756	0.733	0.820	0.706	0.808	0.700	0.843	0.843	0.861	0.851	0.897	0.741	0.725	0.770	0.754	0.726	0.751	0.753	0.753	0.750	0.769	0.784	0.822	0.713	0.733	0.772	0.779	0.752	0.764	0.756	0.759	0.760	0.769	0.782	0.826	0.797	0.773	0.779	0.788	0.773	0.774	0.787	0.789	0.794	0.817	0.834	0.871	0.485	0.735	0.444	0.798	0.479	0.850	0.859	0.858	0.663	0.537	0.504	0.453
15:00:17	37.0	0.685	0.661	0.746	0.765	0.765	0.759	0.816	0.799	0.806	0.800	0.791	0.768	0.704	0.698	0.773	0.781	0.774	0.783	0.826	0.824	0.827	0.826	0.837	0.865	0.743	0.734	0.803	0.819	0.821	0.829	0.860	0.858	0.850	0.849	0.874	0.959	0.630	0.758	0.729	0.824	0.699	0.813	0.664	0.849	0.847	0.863	0.857	0.902	0.742	0.727	0.773	0.756	0.728	0.753	0.755	0.755	0.752	0.771	0.787	0.825	0.717	0.729	0.774	0.782	0.755	0.767	0.759	0.762	0.763	0.769	0.785	0.828	0.801	0.780	0.784	0.792	0.775	0.779	0.788	0.792	0.797	0.817	0.835	0.873	0.484	0.741	0.448	0.796	0.479	0.852	0.860	0.861	0.656	0.532	0.501	0.452
15:10:17	37.0	0.682	0.664	0.750	0.770	0.768	0.760	0.822	0.804	0.812	0.799	0.794	0.765	0.702	0.700	0.775	0.785	0.778	0.785	0.829	0.829	0.832	0.831	0.835	0.864	0.743	0.732	0.807	0.821	0.824	0.832	0.864	0.860	0.854	0.856	0.879	0.964	0.634	0.758	0.721	0.829	0.717	0.815	0.700	0.855	0.854	0.853	0.862	0.915	0.744	0.729	0.777	0.759	0.730	0.755	0.756	0.757	0.753	0.773	0.788	0.824	0.727	0.729	0.777	0.784	0.756	0.771	0.759	0.763	0.765	0.773	0.787	0.827	0.809	0.786	0.788	0.795	0.780	0.785	0.790	0.793	0.799	0.821	0.837	0.877	0.483	0.742	0.444	0.792	0.478	0.859	0.861	0.865	0.651	0.525	0.498	0.449
15:20:17	37.1	0.687	0.669	0.753	0.774	0.771	0.764	0.826	0.809	0.820	0.808	0.802	0.773	0.710	0.702	0.781	0.791	0.782	0.791	0.835	0.835	0.837	0.837	0.839	0.887	0.750	0.738	0.811	0.825	0.829	0.836	0.868	0.866	0.860	0.864	0.886	0.970	0.637	0.757	0.726	0.834	0.714	0.821	0.706	0.861	0.859	0.861	0.866	0.918	0.745	0.732	0.780	0.762	0.732	0.756	0.758	0.758	0.756	0.776	0.792	0.826	0.718	0.730	0.781	0.787	0.756	0.773	0.761	0.766	0.768	0.776	0.790	0.830	0.816	0.792	0.792	0.799	0.782	0.789	0.793	0.797	0.802	0.824	0.841	0.879	0.480	0.743	0.443	0.797	0.477	0.864	0.862	0.869	0.647	0.521	0.496	0.447
15:30:17	37.0	0.688	0.669	0.757	0.778	0.774	0.764	0.830	0.814	0.821	0.817	0.809	0.752	0.706	0.698	0.785	0.795	0.786	0.795	0.840	0.840	0.839	0.843	0.849	0.883	0.746	0.735	0.813	0.829	0.833	0.839	0.871	0.869	0.863	0.870	0.890	0.969	0.636	0.759	0.736	0.839	0.694	0.824	0.688	0.865	0.862	0.863	0.871	0.929	0.747	0.736	0.783	0.764	0.731	0.758	0.757	0.757	0.754	0.774	0.789	0.826	0.710	0.734	0.783	0.788	0.758	0.773	0.759	0.765	0.765	0.774	0.789	0.830	0.821	0.796	0.794	0.802	0.784	0.793	0.792	0.796	0.801	0.822	0.841	0.881	0.478	0.748	0.443	0.799	0.477	0.863	0.863	0.868	0.645	0.514	0.492	0.445
15:40:17	37.0	0.691	0.673	0.760	0.781	0.777	0.770	0.836	0.819	0.831	0.828	0.816	0.778	0.710	0.703	0.789	0.797	0.790	0.799	0.844	0.845	0.843	0.848	0.853	0.885	0.750	0.736	0.817	0.832	0.836	0.844	0.875	0.872	0.867	0.875	0.895	0.972	0.640	0.759	0.749	0.843	0.723	0.828	0.666	0.869	0.867	0.869	0.875	0.934	0.750	0.740	0.785	0.767	0.732	0.760	0.758	0.759	0.756	0.778	0.792	0.828	0.712	0.736	0.786	0.790	0.760	0.775	0.763	0.767	0.765	0.776	0.792	0.830	0.827	0.801	0.799	0.806	0.787	0.799	0.794	0.796	0.803	0.826	0.846	0.883	0.477	0.750	0.445	0.796	0.478	0.868	0.864	0.871	0.639	0.508	0.491	0.444
15:50:17	37.0	0.695	0.677	0.764	0.786	0.781	0.775	0.841	0.824	0.830	0.833	0.824	0.783	0.715	0.703	0.795	0.801	0.795	0.802	0.849	0.850	0.847	0.855	0.865	0.892	0.753	0.737	0.821	0.837	0.840	0.848	0.879	0.876	0.871	0.882	0.900	0.969	0.643	0.760	0.736	0.847	0.720	0.832	0.697	0.872	0.873	0.881	0.881	0.943	0.751	0.745	0.787	0.771	0.736	0.760	0.759	0.761	0.758	0.780	0.795	0.831	0.719	0.739	0.788	0.792	0.761	0.776	0.763	0.767	0.767	0.777	0.795	0.832	0.833	0.807	0.803	0.810	0.790	0.803	0.795	0.799	0.805	0.827	0.849	0.883	0.473	0.763	0.442	0.797	0.476	0.875	0.863	0.873	0.636	0.504	0.489	0.441
16:00:17	37.0	0.699	0.680	0.767	0.792	0.786	0.780	0.845	0.829	0.842	0.839	0.831	0.753	0.716	0.704	0.800	0.805	0.800	0.806	0.853	0.854	0.853	0.861	0.878	0.884	0.756	0.738	0.823	0.840	0.844	0.852	0.882	0.879	0.875	0.888	0.903	0.978	0.647	0.761	0.740	0.853	0.706	0.838	0.645	0.876	0.876	0.883	0.886	0.948	0.754	0.748	0.790	0.773	0.734	0.763	0.758	0.761	0.759	0.780	0.795	0.834	0.725	0.744	0.790	0.794	0.763	0.779	0.764	0.769	0.768	0.779	0.795	0.833	0.838	0.811	0.807	0.813	0.793	0.807	0.797	0.799	0.807	0.829	0.848	0.884	0.468	0.756	0.443	0.807	0.475	0.871	0.866	0.874	0.630	0.500	0.487	0.440
16:10:17	37.0	0.703	0.685	0.770	0.794	0.791	0.784	0.849	0.834	0.848	0.849	0.839	0.772	0.723	0.707	0.804	0.809	0.805	0.812	0.859	0.858	0.857	0.865	0.886	0.894	0.760	0.742	0.826	0.844	0.848	0.856	0.886	0.884	0.881	0.894	0.908	0.985	0.651	0.764	0.747	0.857	0.725	0.843	0.703	0.880	0.881	0.878	0.893	0.955	0.758	0.749	0.794	0.776	0.736	0.767	0.762	0.764	0.762	0.783	0.796	0.833	0.728	0.750	0.794	0.796	0.764	0.782	0.767	0.772	0.772	0.782	0.798	0.833	0.843	0.816	0.810	0.817	0.799	0.812	0.801	0.803	0.810	0.835	0.854	0.888	0.466	0.747	0.442	0.810	0.476	0.877	0.872	0.879	0.623	0.498	0.486	0.438
16:20:17	37.0	0.706	0.687	0.775	0.799	0.793	0.789	0.853	0.840	0.854	0.858	0.846	0.792	0.725	0.710	0.810	0.812	0.812	0.816	0.862	0.863	0.862	0.872	0.895	0.899	0.766	0.745	0.829	0.848	0.851	0.860	0.890	0.888	0.886	0.900	0.912	0.988	0.653	0.767	0.753	0.861	0.699	0.847	0.673	0.884	0.884	0.885	0.899	0.960	0.759	0.752	0.797	0.778	0.734	0.766	0.763	0.763	0.763	0.784	0.796	0.837	0.733	0.754	0.795	0.796	0.766	0.784	0.768	0.771	0.771	0.780	0.799	0.830	0.848	0.820	0.815	0.821	0.803	0.816	0.801	0.804	0.810	0.837	0.855	0.890	0.463	0.761	0.442	0.808	0.476	0.875	0.870	0.877	0.618	0.494	0.485	0.437
16:30:17	37.0	0.709	0.692	0.779	0.805	0.798	0.799	0.858	0.845	0.858	0.864	0.854	0.760	0.729	0.714	0.816	0.816	0.816	0.821	0.867	0.869	0.868	0.879	0.907	0.911	0.771	0.750	0.833	0.851	0.855	0.864	0.895	0.892	0.890	0.907	0.917	0.996	0.653	0.770	0.754	0.864	0.711	0.852	0.671	0.888	0.890	0.884	0.905	0.967	0.763	0.758	0.801	0.780	0.735	0.769	0.767	0.767	0.767	0.788	0.801	0.837	0.736	0.755	0.799	0.799	0.769	0.786	0.770	0.774	0.774	0.784	0.803	0.836	0.853	0.825	0.818	0.825	0.807	0.820	0.804	0.806	0.813	0.839	0.858	0.893	0.458	0.761	0.441	0.804	0.473	0.886	0.872	0.880	0.611	0.492	0.483	0.433
16:40:17	37.0	0.712	0.696	0.783	0.808	0.801	0.806	0.862	0.851	0.865	0.868	0.861	0.796	0.734	0.717	0.820	0.820	0.821	0.825	0.871	0.874	0.874	0.884	0.922	0.914	0.775	0.754	0.836	0.854	0.858	0.867	0.897	0.896	0.895	0.913	0.922	1.005	0.659	0.774	0.744	0.866	0.709	0.857	0.699	0.892	0.894	0.891	0.912	0.972	0.766	0.760	0.803	0.785	0.738	0.772	0.766	0.768	0.767	0.787	0.802	0.839	0.740	0.756	0.801	0.803	0.773	0.787	0.772	0.775	0.774	0.785	0.805	0.834	0.858	0.830	0.821	0.829	0.814	0.824	0.806	0.808	0.813	0.840	0.861	0.894	0.459	0.761	0.441	0.809	0.474	0.886	0.869	0.880	0.607	0.491	0.482	0.430
16:50:17	37.0	0.718	0.700	0.788	0.812	0.808	0.810	0.867	0.853	0.877	0.877	0.869	0.769	0.738	0.720	0.825	0.824	0.826	0.831	0.874	0.879	0.880	0.891	0.929	0.924	0.781	0.758	0.839	0.859	0.862	0.872	0.901	0.900	0.901	0.922	0.926	1.011	0.660	0.779	0.743	0.869	0.709	0.863	0.666	0.897	0.900	0.899	0.915	0.975	0.770	0.764	0.807	0.787	0.744	0.773	0.768	0.770	0.771	0.789	0.808	0.844	0.747	0.761	0.807	0.807	0.775	0.789	0.773	0.777	0.778	0.790	0.808	0.839	0.863	0.836	0.825	0.834	0.819	0.830	0.808	0.812	0.817	0.844	0.865	0.897	0.457	0.746	0.439	0.809	0.474	0.892	0.874	0.887	0.603	0.489	0.482	0.425
17:00:17	37.0	0.718	0.706	0.792	0.817	0.814	0.809	0.872	0.860	0.884	0.885	0.876	0.767	0.741	0.723	0.831	0.828	0.830	0.833	0.878	0.882	0.884	0.898	0.940	0.930	0.786	0.762	0.842	0.862	0.866	0.876	0.904	0.903	0.905	0.928	0.931	1.008	0.661	0.782	0.738	0.871	0.704	0.868	0.687	0.900	0.903	0.917	0.920	0.974	0.775	0.768	0.811	0.790	0.743	0.775	0.768	0.771	0.772	0.792	0.809	0.846	0.748	0.766	0.808	0.808	0.775	0.792	0.774	0.776	0.777	0.791	0.808	0.838	0.868	0.841	0.829	0.836	0.823	0.832	0.808	0.812	0.817	0.844	0.866	0.899	0.455	0.760	0.440	0.813	0.473	0.887	0.876	0.888	0.598	0.488	0.480	0.423
17:10:17	37.0	0.723	0.709	0.796	0.822	0.817	0.816	0.876	0.865	0.893	0.895	0.887	0.821	0.744	0.726	0.837	0.831	0.834	0.839	0.882	0.887	0.888	0.903	0.948	0.945	0.785	0.766	0.845	0.864	0.868	0.878	0.906	0.906	0.909	0.935	0.935	1.013	0.659	0.786	0.736	0.874	0.697	0.874	0.714	0.906	0.908	0.929	0.927	0.983	0.779	0.771	0.813	0.793	0.742	0.778	0.770	0.772	0.775	0.796	0.813	0.849	0.751	0.769	0.813	0.812	0.776	0.795	0.776	0.779	0.780	0.794	0.810	0.841	0.872	0.846	0.832	0.840	0.825	0.837	0.811	0.815	0.820	0.846	0.871	0.903	0.453	0.780	0.439	0.814	0.474	0.892	0.878	0.891	0.592	0.486	0.479	0.419
17:20:17	37.0	0.725	0.714	0.800	0.827	0.820	0.819	0.880	0.870	0.903	0.909	0.894	0.762	0.749	0.730	0.843	0.836	0.839	0.845	0.887	0.892	0.892	0.910	0.965	0.959	0.791	0.772	0.848	0.869	0.873	0.882	0.910	0.910	0.915	0.941	0.941	1.010	0.661	0.792	0.737	0.880	0.694	0.879	0.653	0.910	0.913	0.944	0.933	0.981	0.783	0.777	0.816	0.795	0.743	0.782	0.771	0.774	0.778	0.796	0.816	0.848	0.754	0.772	0.817	0.816	0.777	0.797	0.777	0.781	0.779	0.796	0.815	0.840	0.877	0.850	0.836	0.843	0.829	0.841	0.813	0.816	0.822	0.848	0.871	0.903	0.448	0.782	0.439	0.812	0.474	0.898	0.876	0.893	0.586	0.485	0.478	0.415
17:30:17	37.0	0.730	0.720	0.804	0.832	0.825	0.824	0.885	0.874	0.909	0.913	0.905	0.811	0.753	0.734	0.848	0.840	0.845	0.851	0.890	0.897	0.896	0.916	0.977	0.957	0.797	0.775	0.851	0.871	0.877	0.887	0.913	0.913	0.919	0.949	0.946	1.020	0.659	0.797	0.748	0.884	0.702	0.885	0.703	0.913	0.917	0.957	0.936	0.989	0.786	0.780	0.819	0.797	0.741	0.787	0.773	0.774	0.779	0.798	0.818	0.850	0.759	0.775	0.821	0.820	0.779	0.801	0.778	0.782	0.781	0.796	0.816	0.839	0.880	0.855	0.840	0.848	0.833	0.844	0.815	0.818	0.821	0.851	0.876	0.907	0.445	0.771	0.438	0.817	0.473	0.905	0.880	0.898	0.581	0.483	0.478	0.412
17:40:17	37.0	0.732	0.723	0.807	0.837	0.829	0.825	0.887	0.881	0.913	0.915	0.912	0.779	0.757	0.738	0.855	0.844	0.848	0.855	0.896	0.901	0.901	0.921	0.983	0.957	0.803	0.781	0.854	0.874	0.880	0.890	0.915	0.917	0.922	0.955	0.950	1.019	0.659	0.802	0.746	0.888	0.747	0.889	0.690	0.917	0.922	0.964	0.941	0.998	0.793	0.785	0.820	0.799	0.745	0.790	0.776	0.777	0.781	0.801	0.816	0.857	0.766	0.779	0.824	0.823	0.781	0.804	0.780	0.786	0.783	0.800	0.818	0.843	0.884	0.859	0.843	0.852	0.836	0.846	0.818	0.821	0.826	0.853	0.878	0.911	0.442	0.754	0.439	0.814	0.474	0.905	0.880	0.899	0.576	0.482	0.479	0.410
17:50:17	37.0	0.739	0.729	0.812	0.843	0.835	0.827	0.895	0.886	0.921	0.913	0.921	0.778	0.763	0.743	0.861	0.847	0.853	0.861	0.900	0.905	0.905	0.926	0.983	0.959	0.809	0.786	0.857	0.877	0.884	0.894	0.920	0.922	0.927	0.961	0.954	1.022	0.660	0.807	0.751	0.891	0.725	0.895	0.656	0.922	0.925	0.969	0.948	1.000	0.797	0.790	0.825	0.805	0.746	0.794	0.778	0.779	0.784	0.804	0.818	0.856	0.773	0.784	0.826	0.827	0.783	0.808	0.781	0.784	0.783	0.802	0.822	0.846	0.888	0.863	0.845	0.855	0.841	0.850	0.818	0.821	0.827	0.854	0.880	0.914	0.439	0.766	0.440	0.818	0.473	0.915	0.878	0.901	0.571	0.483	0.478	0.409
18:00:17	37.0	0.742	0.735	0.814	0.847	0.838	0.830	0.898	0.890	0.924	0.928	0.930	0.773	0.766	0.747	0.866	0.851	0.859	0.864	0.903	0.908	0.910	0.930	0.986	0.969	0.815	0.791	0.859	0.881	0.887	0.897	0.922	0.925	0.930	0.968	0.958	1.026	0.662	0.813	0.756	0.894	0.693	0.898	0.704	0.925	0.930	0.975	0.953	1.003	0.800	0.793	0.826	0.806	0.747	0.795	0.778	0.779	0.786	0.806	0.823	0.860	0.770	0.788	0.827	0.831	0.785	0.811	0.782	0.786	0.786	0.805	0.825	0.845	0.891	0.866	0.848	0.858	0.844	0.852	0.821	0.823	0.830	0.859	0.883	0.916	0.436	0.780	0.437	0.817	0.472	0.912	0.877	0.901	0.565	0.481	0.477	0.408
18:10:17	37.0	0.745	0.738	0.821	0.852	0.842	0.836	0.903	0.898	0.930	0.936	0.938	0.754	0.772	0.753	0.869	0.855	0.864	0.867	0.907	0.914	0.913	0.937	0.993	0.971	0.822	0.796	0.862	0.884	0.890	0.901	0.925	0.930	0.933	0.973	0.963	1.029	0.666	0.818	0.756	0.897	0.761	0.903	0.656	0.929	0.934	0.986	0.957	1.008	0.804	0.796	0.829	0.808	0.746	0.797	0.781	0.781	0.788	0.809	0.826	0.861	0.774	0.791	0.830	0.834	0.781	0.815	0.785	0.787	0.788	0.808	0.828	0.848	0.894	0.870	0.852	0.860	0.846	0.857	0.823	0.825	0.832	0.861	0.887	0.920	0.435	0.791	0.437	0.820	0.473	0.914	0.880	0.907	0.563	0.479	0.477	0.407
18:20:17	37.0	0.748	0.744	0.824	0.856	0.846	0.841	0.908	0.904	0.932	0.936	0.946	0.774	0.777	0.759	0.872	0.859	0.868	0.871	0.912	0.917	0.917	0.943	1.001	0.978	0.828	0.802	0.866	0.887	0.894	0.904	0.927	0.933	0.937	0.980	0.966	1.035	0.662	0.822	0.772	0.899	0.707	0.909	0.707	0.933	0.939	0.995	0.962	1.008	0.809	0.802	0.830	0.810	0.746	0.800	0.782	0.785	0.790	0.810	0.830	0.863	0.776	0.797	0.831	0.836	0.783	0.819	0.786	0.788	0.789	0.810	0.829	0.848	0.898	0.874	0.855	0.864	0.849	0.858	0.825	0.827	0.835	0.865	0.892	0.921	0.429	0.788	0.436	0.814	0.474	0.921	0.878	0.909	0.554	0.480	0.476	0.406
18:30:17	37.0	0.753	0.748	0.828	0.861	0.851	0.843	0.914	0.912	0.933	0.938	0.955	0.739	0.781	0.762	0.875	0.862	0.873	0.874	0.914	0.920	0.920	0.946	1.007	0.975	0.834	0.806	0.868	0.890	0.897	0.908	0.931	0.937	0.942	0.987	0.970	1.029	0.665	0.827	0.791	0.904	0.721	0.917	0.728	0.936	0.943	0.985	0.966	1.006	0.813	0.805	0.832	0.813	0.749	0.804	0.783	0.786	0.791	0.811	0.833	0.865	0.778	0.799	0.836	0.839	0.787	0.824	0.787	0.788	0.791	0.812	0.831	0.851	0.900	0.877	0.857	0.867	0.853	0.863	0.826	0.827	0.838	0.867	0.897	0.924	0.426	0.778	0.434	0.815	0.473	0.926	0.876	0.908	0.548	0.479	0.475	0.405
18:40:17	37.0	0.757	0.753	0.833	0.867	0.857	0.851	0.917	0.918	0.948	0.941	0.963	0.750	0.786	0.767	0.880	0.865	0.878	0.876	0.918	0.924	0.924	0.952	1.013	0.976	0.840	0.813	0.871	0.892	0.900	0.912	0.934	0.941	0.945	0.999	0.974	1.035	0.664	0.835	0.810	0.909	0.754	0.922	0.637	0.939	0.948	0.981	0.971	1.004	0.816	0.808	0.832	0.816	0.750	0.806	0.784	0.786	0.793	0.816	0.836	0.868	0.782	0.792	0.838	0.841	0.791	0.827	0.786	0.790	0.793	0.812	0.834	0.849	0.904	0.879	0.860	0.869	0.856	0.866	0.828	0.832	0.839	0.867	0.900	0.926	0.422	0.764	0.433	0.835	0.472	0.921	0.875	0.910	0.543	0.479	0.474	0.405
18:50:17	37.0	0.761	0.757	0.837	0.871	0.861	0.859	0.924	0.922	0.950	0.947	0.972	0.759	0.791	0.772	0.884	0.870	0.885	0.881	0.923	0.928	0.927	0.956	1.018	0.988	0.847	0.818	0.874	0.896	0.903	0.915	0.937	0.945	0.950	1.009	0.978	1.037	0.668	0.841	0.792	0.911	0.726	0.928	0.720	0.943	0.953	0.989	0.975	1.001	0.821	0.813	0.834	0.820	0.755	0.810	0.787	0.788	0.795	0.817	0.838	0.869	0.779	0.803	0.843	0.844	0.792	0.832	0.791	0.793	0.796	0.816	0.835	0.854	0.907	0.883	0.864	0.872	0.859	0.869	0.831	0.834	0.842	0.871	0.901	0.928	0.420	0.793	0.432	0.834	0.470	0.916	0.877	0.913	0.535	0.478	0.473	0.404
19:00:17	37.0	0.765	0.763	0.841	0.875	0.866	0.867	0.928	0.928	0.946	0.958	0.980	0.715	0.797	0.777	0.889	0.873	0.890	0.885	0.924	0.931	0.930	0.960	1.023	0.986	0.853	0.824	0.876	0.898	0.907	0.918	0.940	0.947	0.953	1.014	0.982	1.034	0.666	0.845	0.799	0.913	0.697	0.934	0.720	0.947	0.958	0.969	0.979	1.003	0.824	0.816	0.836	0.825	0.758	0.813	0.789	0.791	0.798	0.820	0.843	0.872	0.774	0.812	0.846	0.848	0.796	0.834	0.791	0.793	0.799	0.818	0.838	0.856	0.911	0.883	0.867	0.876	0.863	0.872	0.833	0.837	0.845	0.874	0.904	0.931	0.418	0.816	0.434	0.832	0.470	0.916	0.879	0.917	0.529	0.477	0.472	0.403
19:10:17	37.0	0.769	0.768	0.845	0.879	0.871	0.878	0.930	0.932	0.950	0.961	0.984	0.764	0.802	0.781	0.894	0.876	0.895	0.888	0.928	0.935	0.933	0.966	1.022	0.993	0.858	0.828	0.879	0.901	0.909	0.923	0.944	0.950	0.958	1.020	0.985	1.035	0.670	0.852	0.814	0.914	0.744	0.938	0.649	0.949	0.961	0.965	0.984	0.995	0.827	0.818	0.837	0.826	0.754	0.818	0.790	0.791	0.798	0.822	0.840	0.875	0.773	0.819	0.848	0.851	0.799	0.838	0.792	0.793	0.799	0.821	0.841	0.854	0.913	0.881	0.869	0.877	0.864	0.874	0.835	0.841	0.848	0.877	0.907	0.934	0.416	0.814	0.432	0.823	0.470	0.922	0.873	0.918	0.520	0.477	0.469	0.403
19:20:17	37.1	0.773	0.773	0.847	0.883	0.875	0.885	0.932	0.935	0.946	0.966	0.989	0.697	0.806	0.787	0.898	0.880	0.899	0.891	0.930	0.938	0.936	0.970	1.021	1.003	0.864	0.834	0.882	0.904	0.913	0.925	0.946	0.953	0.961	1.024	0.989	1.038	0.672	0.857	0.821	0.917	0.720	0.944	0.734	0.953	0.965	0.972	0.987	0.997	0.830	0.821	0.840	0.826	0.757	0.822	0.791	0.793	0.799	0.823	0.842	0.877	0.775	0.810	0.852	0.854	0.809	0.840	0.793	0.795	0.799	0.823	0.844	0.854	0.915	0.879	0.872	0.879	0.865	0.874	0.836	0.839	0.849	0.879	0.909	0.934	0.414	0.797	0.433	0.829	0.470	0.923	0.871	0.920	0.514	0.478	0.466	0.402
19:30:17	37.0	0.778	0.777	0.850	0.887	0.879	0.894	0.935	0.941	0.949	0.971	0.995	0.723	0.812	0.790	0.901	0.883	0.905	0.892	0.933	0.940	0.939	0.974	1.023	1.004	0.869	0.839	0.884	0.906	0.915	0.928	0.949	0.955	0.965	1.028	0.993	1.023	0.673	0.862	0.824	0.921	0.709	0.950	0.692	0.957	0.970	0.982	0.989	0.995	0.834	0.825	0.841	0.829	0.760	0.825	0.795	0.793	0.801	0.828	0.848	0.875	0.781	0.810	0.854	0.857	0.812	0.844	0.795	0.799	0.803	0.826	0.848	0.857	0.919	0.877	0.875	0.881	0.869	0.875	0.839	0.844	0.851	0.885	0.915	0.938	0.411	0.780	0.434	0.839	0.471	0.916	0.872	0.925	0.507	0.478	0.465	0.402
19:40:17	37.0	0.783	0.782	0.853	0.891	0.885	0.901	0.939	0.947	0.951	0.969	1.002	0.738	0.816	0.795	0.906	0.886	0.909	0.894	0.936	0.942	0.942	0.977	1.023	1.005	0.874	0.844	0.887	0.910	0.919	0.933	0.952	0.958	0.968	1.029	0.997	1.022	0.671	0.868	0.801	0.925	0.729	0.954	0.688	0.960	0.973	0.991	0.991	1.001	0.836	0.825	0.845	0.832	0.763	0.828	0.796	0.794	0.800	0.829	0.850	0.879	0.793	0.807	0.858	0.861	0.811	0.849	0.795	0.799	0.803	0.826	0.849	0.856	0.922	0.873	0.877	0.883	0.870	0.878	0.839	0.843	0.853	0.884	0.916	0.940	0.410	0.785	0.430	0.838	0.470	0.918	0.867	0.925	0.504	0.477	0.464	0.401
19:50:17	37.1	0.786	0.785	0.856	0.895	0.888	0.910	0.941	0.952	0.955	0.971	1.011	0.719	0.822	0.801	0.910	0.888	0.915	0.895	0.940	0.944	0.944	0.981	1.023	0.997	0.880	0.850	0.889	0.912	0.922	0.935	0.954	0.961	0.971	1.032	1.000	1.018	0.675	0.872	0.793	0.927	0.738	0.958	0.698	0.965	0.976	0.998	0.993	0.997	0.839	0.831	0.846	0.833	0.768	0.833	0.797	0.796	0.802	0.833	0.852	0.883	0.800	0.802	0.862	0.865	0.811	0.851	0.798	0.802	0.807	0.831	0.852	0.860	0.923	0.868	0.881	0.885	0.874	0.880	0.842	0.846	0.856	0.887	0.919	0.939	0.410	0.824	0.431	0.840	0.470	0.924	0.867	0.928	0.500	0.477	0.462	0.401
20:00:17	37.0	0.790	0.791	0.859	0.898	0.893	0.908	0.944	0.957	0.960	0.982	1.017	0.715	0.829	0.806	0.914	0.891	0.921	0.899	0.945	0.948	0.948	0.985	1.024	1.012	0.886	0.856	0.892	0.915	0.925	0.939	0.957	0.963	0.973	1.032	1.004	1.019	0.681	0.879	0.796	0.931	0.696	0.963	0.658	0.969	0.980	1.011	0.997	0.995	0.845	0.834	0.849	0.836	0.769	0.839	0.801	0.799	0.804	0.836	0.856	0.887	0.818	0.800	0.864	0.869	0.813	0.854	0.801	0.801	0.807	0.834	0.854	0.860	0.925	0.864	0.884	0.888	0.876	0.883	0.845	0.849	0.857	0.890	0.922	0.944	0.409	0.829	0.431	0.842	0.469	0.925	0.862	0.929	0.500	0.477	0.460	0.401
20:10:17	37.0	0.795	0.795	0.860	0.902	0.897	0.915	0.946	0.963	0.963	0.988	1.028	0.694	0.834	0.811	0.917	0.894	0.926	0.899	0.947	0.949	0.951	0.989	1.028	1.020	0.891	0.861	0.894	0.917	0.927	0.943	0.959	0.965	0.977	1.037	1.007	1.019	0.684	0.884	0.796	0.933	0.718	0.967	0.735	0.972	0.983	1.023	1.000	0.993	0.848	0.836	0.852	0.839	0.768	0.840	0.803	0.799	0.806	0.837	0.859	0.886	0.798	0.789	0.864	0.870	0.813	0.855	0.803	0.802	0.808	0.834	0.855	0.861	0.926	0.857	0.885	0.890	0.878	0.886	0.847	0.850	0.858	0.891	0.926	0.946	0.409	0.818	0.431	0.845	0.467	0.932	0.862	0.931	0.497	0.476	0.458	0.400
20:20:17	37.0	0.801	0.799	0.866	0.905	0.901	0.915	0.948	0.966	0.961	0.994	1.030	0.697	0.837	0.815	0.921	0.897	0.931	0.900	0.949	0.949	0.952	0.991	1.030	1.021	0.896	0.867	0.897	0.920	0.930	0.946	0.962	0.967	0.981	1.039	1.010	1.011	0.685	0.890	0.802	0.936	0.710	0.972	0.703	0.976	0.985	1.021	1.002	0.988	0.852	0.838	0.855	0.843	0.767	0.847	0.805	0.801	0.808	0.840	0.860	0.892	0.791	0.786	0.866	0.874	0.817	0.857	0.805	0.805	0.809	0.840	0.858	0.863	0.926	0.852	0.888	0.891	0.881	0.888	0.849	0.852	0.860	0.897	0.931	0.946	0.408	0.800	0.432	0.838	0.468	0.924	0.855	0.933	0.496	0.478	0.455	0.399
20:30:17	37.0	0.805	0.804	0.868	0.908	0.905	0.915	0.951	0.970	0.962	0.999	1.035	0.687	0.842	0.821	0.924	0.899	0.935	0.899	0.952	0.951	0.952	0.995	1.028	1.025	0.902	0.872	0.900	0.923	0.933	0.950	0.964	0.969	0.982	1.043	1.012	1.024	0.687	0.895	0.804	0.941	0.704	0.977	0.718	0.978	0.988	1.016	1.005	0.996	0.855	0.839	0.857	0.845	0.766	0.851	0.807	0.801	0.810	0.840	0.862	0.890	0.793	0.785	0.868	0.877	0.817	0.859	0.803	0.807	0.809	0.841	0.862	0.864	0.927	0.847	0.891	0.893	0.883	0.889	0.850	0.854	0.860	0.900	0.933	0.947	0.407	0.790	0.432	0.826	0.467	0.921	0.852	0.933	0.496	0.476	0.453	0.400
20:40:17	37.0	0.811	0.810	0.871	0.912	0.911	0.917	0.954	0.974	0.964	1.006	1.035	0.686	0.849	0.827	0.926	0.902	0.939	0.900	0.955	0.952	0.955	0.999	1.031	1.035	0.908	0.877	0.902	0.925	0.936	0.953	0.967	0.971	0.985	1.046	1.015	1.021	0.685	0.900	0.804	0.944	0.709	0.980	0.740	0.982	0.991	1.014	1.007	1.000	0.858	0.842	0.860	0.848	0.767	0.858	0.814	0.803	0.812	0.842	0.866	0.894	0.794	0.779	0.869	0.880	0.820	0.865	0.806	0.812	0.812	0.846	0.867	0.868	0.927	0.844	0.894	0.896	0.887	0.890	0.852	0.857	0.863	0.902	0.939	0.950	0.407	0.801	0.431	0.837	0.466	0.931	0.850	0.939	0.495	0.476	0.451	0.400
20:50:17	37.0	0.816	0.813	0.875	0.913	0.918	0.924	0.959	0.973	0.962	1.007	1.041	0.672	0.854	0.831	0.928	0.903	0.945	0.899	0.955	0.954	0.956	1.000	1.037	1.041	0.913	0.883	0.904	0.927	0.938	0.956	0.970	0.973	0.987	1.050	1.018	1.030	0.688	0.906	0.815	0.948	0.684	0.984	0.684	0.985	0.995	1.014	1.009	0.995	0.861	0.845	0.861	0.849	0.758	0.861	0.813	0.805	0.812	0.844	0.868	0.893	0.800	0.778	0.872	0.882	0.819	0.865	0.808	0.813	0.815	0.847	0.866	0.864	0.927	0.840	0.895	0.897	0.891	0.893	0.853	0.858	0.864	0.905	0.937	0.950	0.406	0.837	0.429	0.848	0.467	0.935	0.842	0.939	0.494	0.477	0.450	0.399
21:00:17	37.0	0.822	0.819	0.877	0.916	0.922	0.925	0.960	0.973	0.964	1.007	1.042	0.676	0.858	0.837	0.931	0.906	0.949	0.899	0.957	0.956	0.958	1.004	1.040	1.051	0.919	0.888	0.907	0.930	0.942	0.960	0.973	0.976	0.989	1.055	1.021	1.035	0.691	0.912	0.831	0.951	0.723	0.989	0.768	0.989	0.999	0.986	1.008	1.002	0.866	0.848	0.863	0.853	0.756	0.867	0.814	0.807	0.816	0.843	0.870	0.897	0.794	0.777	0.874	0.885	0.818	0.869	0.809	0.814	0.816	0.851	0.870	0.866	0.929	0.832	0.898	0.900	0.893	0.896	0.856	0.860	0.866	0.908	0.944	0.949	0.406	0.823	0.428	0.847	0.468	0.955	0.840	0.943	0.494	0.476	0.449	0.399
21:10:17	37.0	0.828	0.822	0.880	0.919	0.927	0.931	0.964	0.973	0.969	1.005	1.042	0.667	0.864	0.842	0.935	0.906	0.953	0.898	0.958	0.956	0.959	1.007	1.044	1.051	0.924	0.893	0.909	0.933	0.945	0.963	0.975	0.979	0.991	1.058	1.023	1.039	0.697	0.916	0.851	0.954	0.756	0.992	0.720	0.991	1.001	0.970	1.008	0.998	0.870	0.853	0.865	0.854	0.753	0.873	0.815	0.809	0.818	0.847	0.875	0.900	0.791	0.769	0.875	0.888	0.817	0.870	0.810	0.817	0.819	0.853	0.873	0.866	0.932	0.827	0.901	0.900	0.896	0.901	0.857	0.861	0.866	0.910	0.947	0.951	0.406	0.765	0.429	0.841	0.469	0.963	0.830	0.945	0.493	0.477	0.446	0.399
21:20:17	37.0	0.835	0.826	0.883	0.922	0.931	0.930	0.967	0.971	0.969	1.006	1.042	0.675	0.870	0.847	0.939	0.907	0.957	0.899	0.961	0.957	0.961	1.009	1.046	1.073	0.931	0.898	0.912	0.935	0.948	0.966	0.976	0.980	0.992	1.059	1.025	1.047	0.696	0.920	0.862	0.957	0.709	0.993	0.744	0.994	1.004	0.955	1.007	1.000	0.871	0.857	0.867	0.858	0.750	0.879	0.818	0.809	0.819	0.850	0.877	0.901	0.801	0.762	0.877	0.890	0.821	0.872	0.811	0.815	0.822	0.855	0.879	0.866	0.935	0.821	0.902	0.904	0.896	0.907	0.858	0.862	0.867	0.912	0.950	0.951	0.406	0.823	0.432	0.844	0.469	0.973	0.826	0.945	0.494	0.478	0.444	0.399
21:30:17	37.0	0.840	0.830	0.884	0.924	0.936	0.933	0.970	0.970	0.965	0.994	1.048	0.661	0.875	0.851	0.938	0.908	0.962	0.900	0.963	0.957	0.962	1.013	1.046	1.060	0.937	0.904	0.914	0.937	0.951	0.970	0.979	0.982	0.994	1.063	1.028	1.055	0.698	0.925	0.833	0.959	0.723	0.996	0.761	0.996	1.006	0.938	1.005	1.004	0.873	0.857	0.869	0.859	0.746	0.883	0.817	0.811	0.819	0.850	0.875	0.902	0.795	0.753	0.879	0.893	0.821	0.873	0.814	0.818	0.822	0.858	0.879	0.866	0.938	0.818	0.904	0.906	0.897	0.907	0.859	0.863	0.870	0.916	0.954	0.950	0.405	0.840	0.428	0.845	0.467	0.971	0.816	0.948	0.494	0.475	0.442	0.398
21:40:17	37.0	0.846	0.835	0.887	0.925	0.941	0.942	0.974	0.967	0.963	0.988	1.054	0.685	0.881	0.858	0.941	0.909	0.964	0.898	0.964	0.957	0.964	1.015	1.050	1.079	0.942	0.909	0.916	0.939	0.954	0.972	0.980	0.985	0.998	1.066	1.031	1.054	0.703	0.931	0.810	0.961	0.719	0.998	0.696	0.999	1.010	0.949	0.999	1.017	0.875	0.858	0.871	0.862	0.748	0.886	0.823	0.815	0.822	0.858	0.883	0.905	0.804	0.748	0.882	0.894	0.822	0.875	0.817	0.822	0.827	0.863	0.884	0.867	0.941	0.814	0.907	0.908	0.898	0.912	0.862	0.867	0.877	0.921	0.959	0.948	0.405	0.801	0.429	0.838	0.465	0.967	0.809	0.949	0.492	0.474	0.440	0.399
21:50:17	37.0	0.849	0.840	0.890	0.926	0.945	0.946	0.977	0.965	0.965	0.995	1.057	0.672	0.886	0.862	0.944	0.910	0.969	0.898	0.966	0.959	0.964	1.019	1.051	1.075	0.948	0.915	0.918	0.941	0.956	0.976	0.983	0.987	1.000	1.067	1.033	1.052	0.703	0.936	0.806	0.963	0.722	1.000	0.751	1.002	1.011	0.946	0.995	1.028	0.878	0.858	0.873	0.866	0.752	0.893	0.827	0.815	0.823	0.862	0.888	0.910	0.815	0.743	0.886	0.898	0.824	0.876	0.819	0.824	0.830	0.866	0.887	0.867	0.944	0.816	0.910	0.911	0.899	0.916	0.864	0.870	0.879	0.927	0.962	0.952	0.405	0.779	0.428	0.847	0.467	0.967	0.802	0.951	0.495	0.475	0.440	0.399
22:00:17	37.0	0.856	0.845	0.895	0.928	0.951	0.951	0.983	0.955	0.966	0.989	1.063	0.644	0.891	0.867	0.945	0.912	0.973	0.898	0.969	0.960	0.965	1.023	1.054	1.060	0.954	0.920	0.921	0.943	0.960	0.980	0.984	0.990	1.002	1.066	1.035	1.058	0.705	0.941	0.802	0.964	0.718	1.002	0.676	1.004	1.013	0.941	0.992	1.014	0.878	0.859	0.875	0.866	0.762	0.898	0.828	0.819	0.824	0.864	0.892	0.908	0.825	0.738	0.889	0.901	0.825	0.881	0.820	0.827	0.831	0.872	0.889	0.866	0.947	0.814	0.911	0.914	0.902	0.921	0.867	0.871	0.882	0.926	0.964	0.951	0.404	0.828	0.424	0.846	0.467	0.979	0.789	0.953	0.494	0.475	0.439	0.399
22:10:17	37.0	0.861	0.849	0.897	0.929	0.955	0.959	0.986	0.952	0.966	0.996	1.067	0.653	0.897	0.871	0.948	0.914	0.976	0.898	0.971	0.960	0.966	1.026	1.053	1.053	0.960	0.925	0.923	0.945	0.963	0.984	0.986	0.993	1.005	1.067	1.038	1.061	0.706	0.946	0.807	0.966	0.736	1.005	0.750	1.006	1.015	0.925	0.989	1.010	0.880	0.861	0.878	0.866	0.764	0.902	0.832	0.820	0.827	0.868	0.891	0.912	0.832	0.736	0.893	0.904	0.825	0.884	0.820	0.830	0.835	0.876	0.889	0.867	0.948	0.813	0.913	0.916	0.902	0.924	0.868	0.874	0.884	0.931	0.967	0.946	0.405	0.802	0.426	0.833	0.464	0.981	0.788	0.955	0.493	0.476	0.438	0.399
22:20:17	37.0	0.868	0.853	0.899	0.929	0.956	0.957	0.987	0.951	0.968	0.989	1.072	0.658	0.902	0.874	0.948	0.914	0.979	0.897	0.972	0.960	0.966	1.027	1.055	1.031	0.964	0.930	0.924	0.947	0.966	0.986	0.988	0.993	1.006	1.069	1.039	1.067	0.704	0.949	0.817	0.967	0.704	1.008	0.782	1.007	1.016	0.924	0.989	1.005	0.879	0.859	0.879	0.865	0.764	0.905	0.829	0.823	0.825	0.866	0.890	0.909	0.825	0.732	0.893	0.908	0.825	0.888	0.822	0.829	0.836	0.875	0.893	0.865	0.948	0.813	0.915	0.919	0.903	0.925	0.869	0.873	0.883	0.930	0.969	0.947	0.404	0.765	0.429	0.847	0.466	0.983	0.774	0.954	0.493	0.475	0.438	0.398
22:30:17	37.0	0.874	0.859	0.902	0.929	0.957	0.962	0.990	0.952	0.965	0.991	1.073	0.652	0.909	0.881	0.948	0.916	0.984	0.897	0.975	0.960	0.968	1.030	1.056	1.048	0.971	0.937	0.927	0.950	0.969	0.989	0.990	0.995	1.008	1.072	1.042	1.074	0.708	0.954	0.832	0.971	0.734	1.011	0.702	1.010	1.019	0.915	0.993	1.006	0.880	0.856	0.880	0.866	0.760	0.909	0.830	0.825	0.829	0.871	0.895	0.914	0.826	0.727	0.894	0.912	0.826	0.893	0.825	0.833	0.838	0.880	0.898	0.867	0.949	0.817	0.917	0.920	0.906	0.930	0.872	0.877	0.887	0.932	0.974	0.942	0.404	0.816	0.430	0.849	0.467	0.999	0.760	0.961	0.494	0.475	0.437	0.398
22:40:17	37.0	0.878	0.863	0.903	0.931	0.961	0.963	0.992	0.953	0.967	0.985	1.082	0.643	0.913	0.885	0.947	0.916	0.987	0.898	0.977	0.959	0.966	1.031	1.054	1.071	0.976	0.942	0.929	0.953	0.971	0.991	0.991	0.997	1.009	1.077	1.044	1.068	0.708	0.959	0.842	0.974	0.734	1.012	0.741	1.011	1.021	0.915	0.993	1.010	0.879	0.854	0.881	0.866	0.766	0.913	0.833	0.826	0.831	0.875	0.896	0.916	0.820	0.723	0.899	0.915	0.825	0.894	0.827	0.834	0.839	0.881	0.902	0.863	0.949	0.822	0.919	0.923	0.908	0.933	0.872	0.879	0.890	0.936	0.975	0.944	0.404	0.776	0.431	0.827	0.466	1.003	0.752	0.960	0.493	0.476	0.437	0.398
22:50:17	37.0	0.881	0.867	0.904	0.933	0.961	0.966	0.992	0.952	0.969	0.989	1.087	0.626	0.917	0.889	0.942	0.917	0.990	0.898	0.979	0.957	0.967	1.033	1.055	1.080	0.981	0.946	0.931	0.954	0.974	0.995	0.992	0.998	1.011	1.077	1.046	1.073	0.711	0.963	0.865	0.976	0.709	1.011	0.721	1.013	1.023	0.916	0.997	1.017	0.881	0.854	0.882	0.868	0.770	0.919	0.834	0.827	0.833	0.874	0.900	0.912	0.807	0.719	0.898	0.918	0.825	0.895	0.828	0.836	0.842	0.880	0.904	0.863	0.949	0.828	0.920	0.925	0.914	0.934	0.875	0.879	0.894	0.937	0.977	0.942	0.405	0.768	0.428	0.818	0.467	1.017	0.742	0.961	0.494	0.474	0.436	0.398
23:00:17	37.0	0.886	0.872	0.903	0.932	0.962	0.963	0.993	0.949	0.966	0.998	1.096	0.635	0.924	0.894	0.938	0.916	0.992	0.897	0.980	0.954	0.964	1.036	1.053	1.076	0.986	0.950	0.932	0.955	0.977	0.998	0.994	0.999	1.011	1.079	1.047	1.060	0.709	0.967	0.865	0.975	0.740	1.011	0.738	1.015	1.026	0.922	0.995	1.016	0.880	0.853	0.883	0.869	0.770	0.925	0.835	0.830	0.837	0.879	0.904	0.914	0.814	0.717	0.899	0.921	0.828	0.897	0.831	0.842	0.844	0.881	0.906	0.859	0.950	0.837	0.922	0.926	0.911	0.936	0.877	0.883	0.895	0.937	0.980	0.939	0.404	0.762	0.424	0.839	0.466	0.992	0.730	0.963	0.495	0.476	0.436	0.399
23:10:17	37.0	0.892	0.875	0.906	0.934	0.964	0.962	0.993	0.946	0.964	0.997	1.104	0.623	0.928	0.898	0.936	0.915	0.994	0.896	0.982	0.952	0.963	1.039	1.056	1.101	0.991	0.954	0.935	0.957	0.979	1.000	0.995	0.999	1.011	1.079	1.048	1.055	0.710	0.970	0.819	0.976	0.754	1.009	0.712	1.016	1.028	0.914	0.997	1.024	0.883	0.848	0.884	0.870	0.775	0.928	0.836	0.830	0.839	0.880	0.910	0.918	0.817	0.713	0.901	0.924	0.830	0.898	0.832	0.840	0.844	0.883	0.909	0.860	0.948	0.846	0.922	0.929	0.909	0.939	0.877	0.886	0.895	0.941	0.982	0.935	0.405	0.785	0.424	0.824	0.465	0.989	0.723	0.964	0.493	0.475	0.436	0.398
23:20:17	37.0	0.898	0.883	0.907	0.937	0.962	0.960	0.993	0.945	0.967	0.996	1.114	0.619	0.934	0.903	0.933	0.915	0.995	0.894	0.984	0.951	0.960	1.040	1.058	1.090	0.996	0.961	0.937	0.960	0.982	1.004	0.997	1.001	1.012	1.077	1.050	1.049	0.713	0.976	0.820	0.976	0.695	1.007	0.785	1.018	1.030	0.910	0.997	1.020	0.884	0.846	0.886	0.870	0.797	0.930	0.841	0.834	0.840	0.885	0.914	0.921	0.825	0.707	0.905	0.926	0.830	0.900	0.836	0.841	0.846	0.886	0.914	0.857	0.949	0.856	0.922	0.930	0.911	0.941	0.878	0.886	0.897	0.942	0.985	0.936	0.404	0.756	0.429	0.817	0.464	0.969	0.712	0.965	0.492	0.474	0.436	0.398
